1 13 20 22                  
-240 -200 -160 -120 -80 -40 0 40 80 120 160 200 240         
360 320 280 240 200 160 120 80 40 0 -40 -80 -120 -160 -200 -240 -280 -320 -360 -400  
-200 -2 0 10 20 30 40 50 60 70 80 90 100 110 120 130 140 150 160 170 240 1000
4.3  4.3  4.3  4.3  4.3  4.3  4.3  4.3  4.3  4.3  4.3  4.3  4.3                  
4.3  4.3  4.3  4.3  4.3  4.3  4.3  4.3  4.3  4.3  4.3  4.3  4.3                  
4.3  4.3  4.3  4.3  4.3  4.3  4.3  4.3  4.3  4.3  4.3  4.3  4.3                  
4.3  4.3  4.3  4.3  4.3  4.3  4.3  4.3  4.3  4.3  4.3  4.3  4.3                  
4.3  4.3  4.3  4.3  4.3  4.3  4.3  4.3  4.3  4.3  4.3  4.3  4.3                  
4.3  4.3  4.3  4.3  4.3  4.3  4.3  4.3  4.3  4.3  4.3  4.3  4.3                  
4.3  4.3  4.3  4.3  4.3  4.3  4.3  4.3  4.3  4.3  4.3  4.3  4.3                  
4.3  4.3  4.3  4.3  4.3  4.3  4.3  4.3  4.3  4.3  4.3  4.3  4.3                  
4.3  4.3  4.3  4.3  4.3  4.3  4.3  4.3  4.3  4.3  4.3  4.3  4.3                  
4.3  4.3  4.3  4.3  4.3  4.3  4.3  4.3  4.3  4.3  4.3  4.3  4.3                  
4.3  4.3  4.3  4.3  4.3  4.3  4.3  4.3  4.3  4.3  4.3  4.3  4.3                  
4.3  4.3  4.3  4.3  4.3  4.3  4.3  4.3  4.3  4.3  4.3  4.3  4.3                  
4.3  4.3  4.3  4.3  4.3  4.3  4.3  4.3  4.3  4.3  4.3  4.3  4.3                  
4.3  4.3  4.3  4.3  4.3  4.3  4.3  4.3  4.3  4.3  4.3  4.3  4.3                  
4.3  4.3  4.3  4.3  4.3  4.3  4.3  4.3  4.3  4.3  4.3  4.3  4.3                  
4.3  4.3  4.3  4.3  4.3  4.3  4.3  4.3  4.3  4.3  4.3  4.3  4.3                  
4.3  4.3  4.3  4.3  4.3  4.3  4.3  4.3  4.3  4.3  4.3  4.3  4.3                  
4.3  4.3  4.3  4.3  4.3  4.3  4.3  4.3  4.3  4.3  4.3  4.3  4.3                  
4.3  4.3  4.3  4.3  4.3  4.3  4.3  4.3  4.3  4.3  4.3  4.3  4.3                  
4.3  4.3  4.3  4.3  4.3  4.3  4.3  4.3  4.3  4.3  4.3  4.3  4.3                  
4.4  4.4  4.4  4.4  4.4  4.4  4.4  4.4  4.4  4.4  4.4  4.4  4.4                  
4.4  4.4  4.4  4.4  4.4  4.4  4.4  4.4  4.4  4.4  4.4  4.4  4.4                  
4.4  4.4  4.4  4.4  4.4  4.4  4.4  4.4  4.4  4.4  4.4  4.4  4.4                  
4.4  4.4  4.4  4.4  4.4  4.4  4.4  4.4  4.4  4.4  4.4  4.4  4.4                  
4.4  4.4  4.4  4.4  4.4  4.4  4.4  4.4  4.4  4.4  4.4  4.4  4.4                  
4.4  4.4  4.4  4.4  4.4  4.4  4.4  4.4  4.4  4.4  4.4  4.4  4.4                  
4.4  4.4  4.4  4.4  4.4  4.4  4.4  4.4  4.4  4.4  4.4  4.4  4.4                  
4.4  4.4  4.4  4.4  4.4  4.4  4.4  4.4  4.4  4.4  4.4  4.4  4.4                  
4.4  4.4  4.4  4.4  4.4  4.4  4.4  4.4  4.4  4.4  4.4  4.4  4.4                  
4.4  4.4  4.4  4.4  4.4  4.4  4.4  4.4  4.4  4.4  4.4  4.4  4.4                  
4.4  4.4  4.4  4.4  4.4  4.4  4.4  4.4  4.4  4.4  4.4  4.4  4.4                  
4.4  4.4  4.4  4.4  4.4  4.4  4.4  4.4  4.4  4.4  4.4  4.4  4.4                  
4.4  4.4  4.4  4.4  4.4  4.4  4.4  4.4  4.4  4.4  4.4  4.4  4.4                  
4.4  4.4  4.4  4.4  4.4  4.4  4.4  4.4  4.4  4.4  4.4  4.4  4.4                  
4.4  4.4  4.4  4.4  4.4  4.4  4.4  4.4  4.4  4.4  4.4  4.4  4.4                  
4.4  4.4  4.4  4.4  4.4  4.4  4.4  4.4  4.4  4.4  4.4  4.4  4.4                  
4.4  4.4  4.4  4.4  4.4  4.4  4.4  4.4  4.4  4.4  4.4  4.4  4.4                  
4.4  4.4  4.4  4.4  4.4  4.4  4.4  4.4  4.4  4.4  4.4  4.4  4.4                  
4.4  4.4  4.4  4.4  4.4  4.4  4.4  4.4  4.4  4.4  4.4  4.4  4.4                  
4.4  4.4  4.4  4.4  4.4  4.4  4.4  4.4  4.4  4.4  4.4  4.4  4.4                  
4.6  4.6  4.6  4.6  4.6  4.6  4.6  4.6  4.6  4.6  4.6  4.6  4.6                  
4.6  4.6  4.6  4.6  4.6  4.6  4.6  4.6  4.6  4.6  4.6  4.6  4.6                  
4.6  4.6  4.6  4.6  4.6  4.6  4.6  4.6  4.6  4.6  4.6  4.6  4.6                  
4.6  4.6  4.6  4.6  4.6  4.6  4.6  4.6  4.6  4.6  4.6  4.6  4.6                  
4.6  4.6  4.6  4.6  4.6  4.6  4.6  4.6  4.6  4.6  4.6  4.6  4.6                  
4.6  4.6  4.6  4.6  4.6  4.6  4.6  4.6  4.6  4.6  4.6  4.6  4.6                  
4.6  4.6  4.6  4.6  4.6  4.6  4.6  4.6  4.6  4.6  4.6  4.6  4.6                  
4.6  4.6  4.6  4.6  4.6  4.6  4.6  4.6  4.6  4.6  4.6  4.6  4.6                  
4.6  4.6  4.6  4.6  4.6  4.6  4.6  4.6  4.6  4.6  4.6  4.6  4.6                  
4.6  4.6  4.6  4.6  4.6  4.6  4.6  4.6  4.6  4.6  4.6  4.6  4.6                  
4.6  4.6  4.6  4.6  4.6  4.6  4.6  4.6  4.6  4.6  4.6  4.6  4.6                  
4.6  4.6  4.6  4.6  4.6  4.6  4.6  4.6  4.6  4.6  4.6  4.6  4.6                  
4.6  4.6  4.6  4.6  4.6  4.6  4.6  4.6  4.6  4.6  4.6  4.6  4.6                  
4.6  4.6  4.6  4.6  4.6  4.6  4.6  4.6  4.6  4.6  4.6  4.6  4.6                  
4.6  4.6  4.6  4.6  4.6  4.6  4.6  4.6  4.6  4.6  4.6  4.6  4.6                  
4.6  4.6  4.6  4.6  4.6  4.6  4.6  4.6  4.6  4.6  4.6  4.6  4.6                  
4.6  4.6  4.6  4.6  4.6  4.6  4.6  4.6  4.6  4.6  4.6  4.6  4.6                  
4.6  4.6  4.6  4.6  4.6  4.6  4.6  4.6  4.6  4.6  4.6  4.6  4.6                  
4.6  4.6  4.6  4.6  4.6  4.6  4.6  4.6  4.6  4.6  4.6  4.6  4.6                  
4.6  4.6  4.6  4.6  4.6  4.6  4.6  4.6  4.6  4.6  4.6  4.6  4.6                  
6  6  6  6  6  6  6  6  6  6  6  6  6                  
6  6  6  6  6  6  6  6  6  6  6  6  6                  
6  6  6  6  6  6  6  6  6  6  6  6  6                  
6  6  6  6  6  6  6  6  6  6  6  6  6                  
6  6  6  6  6  6  6  6  6  6  6  6  6                  
6  6  6  6  6  6  6  6  6  6  6  6  6                  
6  6  6  6  6  6  6  6  6  6  6  6  6                  
6  6  6  6  6  6  6  6  6  6  6  6  6                  
6  6  6  6  6  6  6  6  6  6  6  6  6                  
6  6  6  6  6  6  6  6  6  6  6  6  6                  
6  6  6  6  6  6  6  6  6  6  6  6  6                  
6  6  6  6  6  6  6  6  6  6  6  6  6                  
6  6  6  6  6  6  6  6  6  6  6  6  6                  
6  6  6  6  6  6  6  6  6  6  6  6  6                  
6  6  6  6  6  6  6  6  6  6  6  6  6                  
6  6  6  6  6  6  6  6  6  6  6  6  6                  
6  6  6  6  6  6  6  6  6  6  6  6  6                  
6  6  6  6  6  6  6  6  6  6  6  6  6                  
6  6  6  6  6  6  6  6  6  6  6  6  6                  
6  6  6  6  6  6  6  6  6  6  6  6  6                  
7  7  7  7  7  7  7  7  7  7  7  7  7                  
7  7  7  7  7  7  7  7  7  7  7  7  7                  
7  7  7  7  7  7  7  7  7  7  7  7  7                  
7  7  7  7  7  7  7  7  7  7  7  7  7                  
7  7  7  7  7  7  7  7  7  7  7  7  7                  
7  7  7  7  7  7  7  7  7  7  7  7  7                  
7  7  7  7  7  7  7  7  7  7  7  7  7                  
7  7  7  7  7  7  7  7  7  7  7  7  7                  
7  7  7  7  7  7  7  7  7  7  7  7  7                  
7  7  7  7  7  7  7  7  7  7  7  7  7                  
7  7  7  7  7  7  7  7  7  7  7  7  7                  
7  7  7  7  7  7  7  7  7  7  7  7  7                  
7  7  7  7  7  7  7  7  7  7  7  7  7                  
7  7  7  7  7  7  7  7  7  7  7  7  7                  
7  7  7  7  7  7  7  7  7  7  7  7  7                  
7  7  7  7  7  7  7  7  7  7  7  7  7                  
7  7  7  7  7  7  7  7  7  7  7  7  7                  
7  7  7  7  7  7  7  7  7  7  7  7  7                  
7  7  7  7  7  7  7  7  7  7  7  7  7                  
7  7  7  7  7  7  7  7  7  7  7  7  7                  
7.18  7.18  7.18  7.18  7.18  7.18  7.18  7.18  7.18  7.18  7.18  7.18  7.18                  
7.18  7.18  7.18  7.18  7.18  7.18  7.18  7.18  7.18  7.18  7.18  7.18  7.18                  
7.18  7.18  7.18  7.18  7.18  7.18  7.18  7.18  7.18  7.18  7.18  7.18  7.18                  
7.18  7.18  7.18  7.18  7.18  7.18  7.18  7.18  7.18  7.18  7.18  7.18  7.18                  
7.18  7.18  7.18  7.18  7.18  7.18  7.18  7.18  7.18  7.18  7.18  7.18  7.18                  
7.18  7.18  7.18  7.18  7.18  7.18  7.18  7.18  7.18  7.18  7.18  7.18  7.18                  
7.18  7.18  7.18  7.18  7.18  7.18  7.18  7.18  7.18  7.18  7.18  7.18  7.18                  
7.18  7.18  7.18  7.18  7.18  7.18  7.18  7.18  7.18  7.18  7.18  7.18  7.18                  
7.18  7.18  7.18  7.18  7.18  7.18  7.18  7.18  7.18  7.18  7.18  7.18  7.18                  
7.18  7.18  7.18  7.18  7.18  7.18  7.18  7.18  7.18  7.18  7.18  7.18  7.18                  
7.18  7.18  7.18  7.18  7.18  7.18  7.18  7.18  7.18  7.18  7.18  7.18  7.18                  
7.18  7.18  7.18  7.18  7.18  7.18  7.18  7.18  7.18  7.18  7.18  7.18  7.18                  
7.18  7.18  7.18  7.18  7.18  7.18  7.18  7.18  7.18  7.18  7.18  7.18  7.18                  
7.18  7.18  7.18  7.18  7.18  7.18  7.18  7.18  7.18  7.18  7.18  7.18  7.18                  
7.18  7.18  7.18  7.18  7.18  7.18  7.18  7.18  7.18  7.18  7.18  7.18  7.18                  
7.18  7.18  7.18  7.18  7.18  7.18  7.18  7.18  7.18  7.18  7.18  7.18  7.18                  
7.18  7.18  7.18  7.18  7.18  7.18  7.18  7.18  7.18  7.18  7.18  7.18  7.18                  
7.18  7.18  7.18  7.18  7.18  7.18  7.18  7.18  7.18  7.18  7.18  7.18  7.18                  
7.18  7.18  7.18  7.18  7.18  7.18  7.18  7.18  7.18  7.18  7.18  7.18  7.18                  
7.18  7.18  7.18  7.18  7.18  7.18  7.18  7.18  7.18  7.18  7.18  7.18  7.18                  
7.31  7.31  7.31  7.31  7.31  7.31  7.31  7.31  7.31  7.31  7.31  7.31  7.31                  
7.31  7.31  7.31  7.31  7.31  7.31  7.31  7.31  7.31  7.31  7.31  7.31  7.31                  
7.31  7.31  7.31  7.31  7.31  7.31  7.31  7.31  7.31  7.31  7.31  7.31  7.31                  
7.31  7.31  7.31  7.31  7.31  7.31  7.31  7.31  7.31  7.31  7.31  7.31  7.31                  
7.31  7.31  7.31  7.31  7.31  7.31  7.31  7.31  7.31  7.31  7.31  7.31  7.31                  
7.31  7.31  7.31  7.31  7.31  7.31  7.31  7.31  7.31  7.31  7.31  7.31  7.31                  
7.31  7.31  7.31  7.31  7.31  7.31  7.31  7.31  7.31  7.31  7.31  7.31  7.31                  
7.31  7.31  7.31  7.31  7.31  7.31  7.31  7.31  7.31  7.31  7.31  7.31  7.31                  
7.31  7.31  7.31  7.31  7.31  7.31  7.31  7.31  7.31  7.31  7.31  7.31  7.31                  
7.31  7.31  7.31  7.31  7.31  7.31  7.31  7.31  7.31  7.31  7.31  7.31  7.31                  
7.31  7.31  7.31  7.31  7.31  7.31  7.31  7.31  7.31  7.31  7.31  7.31  7.31                  
7.31  7.31  7.31  7.31  7.31  7.31  7.31  7.31  7.31  7.31  7.31  7.31  7.31                  
7.31  7.31  7.31  7.31  7.31  7.31  7.31  7.31  7.31  7.31  7.31  7.31  7.31                  
7.31  7.31  7.31  7.31  7.31  7.31  7.31  7.31  7.31  7.31  7.31  7.31  7.31                  
7.31  7.31  7.31  7.31  7.31  7.31  7.31  7.31  7.31  7.31  7.31  7.31  7.31                  
7.31  7.31  7.31  7.31  7.31  7.31  7.31  7.31  7.31  7.31  7.31  7.31  7.31                  
7.31  7.31  7.31  7.31  7.31  7.31  7.31  7.31  7.31  7.31  7.31  7.31  7.31                  
7.31  7.31  7.31  7.31  7.31  7.31  7.31  7.31  7.31  7.31  7.31  7.31  7.31                  
7.31  7.31  7.31  7.31  7.31  7.31  7.31  7.31  7.31  7.31  7.31  7.31  7.31                  
7.31  7.31  7.31  7.31  7.31  7.31  7.31  7.31  7.31  7.31  7.31  7.31  7.31                  
7.44  7.44  7.44  7.44  7.44  7.44  7.44  7.44  7.44  7.44  7.44  7.44  7.44                  
7.44  7.44  7.44  7.44  7.44  7.44  7.44  7.44  7.44  7.44  7.44  7.44  7.44                  
7.44  7.44  7.44  7.44  7.44  7.44  7.44  7.44  7.44  7.44  7.44  7.44  7.44                  
7.44  7.44  7.44  7.44  7.44  7.44  7.44  7.44  7.44  7.44  7.44  7.44  7.44                  
7.44  7.44  7.44  7.44  7.44  7.44  7.44  7.44  7.44  7.44  7.44  7.44  7.44                  
7.44  7.44  7.44  7.44  7.44  7.44  7.44  7.44  7.44  7.44  7.44  7.44  7.44                  
7.44  7.44  7.44  7.44  7.44  7.44  7.44  7.44  7.44  7.44  7.44  7.44  7.44                  
7.44  7.44  7.44  7.44  7.44  7.44  7.44  7.44  7.44  7.44  7.44  7.44  7.44                  
7.44  7.44  7.44  7.44  7.44  7.44  7.44  7.44  7.44  7.44  7.44  7.44  7.44                  
7.44  7.44  7.44  7.44  7.44  7.44  7.44  7.44  7.44  7.44  7.44  7.44  7.44                  
7.44  7.44  7.44  7.44  7.44  7.44  7.44  7.44  7.44  7.44  7.44  7.44  7.44                  
7.44  7.44  7.44  7.44  7.44  7.44  7.44  7.44  7.44  7.44  7.44  7.44  7.44                  
7.44  7.44  7.44  7.44  7.44  7.44  7.44  7.44  7.44  7.44  7.44  7.44  7.44                  
7.44  7.44  7.44  7.44  7.44  7.44  7.44  7.44  7.44  7.44  7.44  7.44  7.44                  
7.44  7.44  7.44  7.44  7.44  7.44  7.44  7.44  7.44  7.44  7.44  7.44  7.44                  
7.44  7.44  7.44  7.44  7.44  7.44  7.44  7.44  7.44  7.44  7.44  7.44  7.44                  
7.44  7.44  7.44  7.44  7.44  7.44  7.44  7.44  7.44  7.44  7.44  7.44  7.44                  
7.44  7.44  7.44  7.44  7.44  7.44  7.44  7.44  7.44  7.44  7.44  7.44  7.44                  
7.44  7.44  7.44  7.44  7.44  7.44  7.44  7.44  7.44  7.44  7.44  7.44  7.44                  
7.44  7.44  7.44  7.44  7.44  7.44  7.44  7.44  7.44  7.44  7.44  7.44  7.44                  
7.58  7.58  7.58  7.58  7.58  7.58  7.58  7.58  7.58  7.58  7.58  7.58  7.58                  
7.58  7.58  7.58  7.58  7.58  7.58  7.58  7.58  7.58  7.58  7.58  7.58  7.58                  
7.58  7.58  7.58  7.58  7.58  7.58  7.58  7.58  7.58  7.58  7.58  7.58  7.58                  
7.58  7.58  7.58  7.58  7.58  7.58  7.58  7.58  7.58  7.58  7.58  7.58  7.58                  
7.58  7.58  7.58  7.58  7.58  7.58  7.58  7.58  7.58  7.58  7.58  7.58  7.58                  
7.58  7.58  7.58  7.58  7.58  7.58  7.58  7.58  7.58  7.58  7.58  7.58  7.58                  
7.58  7.58  7.58  7.58  7.58  7.58  7.58  7.58  7.58  7.58  7.58  7.58  7.58                  
7.58  7.58  7.58  7.58  7.58  7.58  7.58  7.58  7.58  7.58  7.58  7.58  7.58                  
7.58  7.58  7.58  7.58  7.58  7.58  7.58  7.58  7.58  7.58  7.58  7.58  7.58                  
7.58  7.58  7.58  7.58  7.58  7.58  7.58  7.58  7.58  7.58  7.58  7.58  7.58                  
7.58  7.58  7.58  7.58  7.58  7.58  7.58  7.58  7.58  7.58  7.58  7.58  7.58                  
7.58  7.58  7.58  7.58  7.58  7.58  7.58  7.58  7.58  7.58  7.58  7.58  7.58                  
7.58  7.58  7.58  7.58  7.58  7.58  7.58  7.58  7.58  7.58  7.58  7.58  7.58                  
7.58  7.58  7.58  7.58  7.58  7.58  7.58  7.58  7.58  7.58  7.58  7.58  7.58                  
7.58  7.58  7.58  7.58  7.58  7.58  7.58  7.58  7.58  7.58  7.58  7.58  7.58                  
7.58  7.58  7.58  7.58  7.58  7.58  7.58  7.58  7.58  7.58  7.58  7.58  7.58                  
7.58  7.58  7.58  7.58  7.58  7.58  7.58  7.58  7.58  7.58  7.58  7.58  7.58                  
7.58  7.58  7.58  7.58  7.58  7.58  7.58  7.58  7.58  7.58  7.58  7.58  7.58                  
7.58  7.58  7.58  7.58  7.58  7.58  7.58  7.58  7.58  7.58  7.58  7.58  7.58                  
7.58  7.58  7.58  7.58  7.58  7.58  7.58  7.58  7.58  7.58  7.58  7.58  7.58                  
7.71  7.71  7.71  7.71  7.71  7.71  7.71  7.71  7.71  7.71  7.71  7.71  7.71                  
7.71  7.71  7.71  7.71  7.71  7.71  7.71  7.71  7.71  7.71  7.71  7.71  7.71                  
7.71  7.71  7.71  7.71  7.71  7.71  7.71  7.71  7.71  7.71  7.71  7.71  7.71                  
7.71  7.71  7.71  7.71  7.71  7.71  7.71  7.71  7.71  7.71  7.71  7.71  7.71                  
7.71  7.71  7.71  7.71  7.71  7.71  7.71  7.71  7.71  7.71  7.71  7.71  7.71                  
7.71  7.71  7.71  7.71  7.71  7.71  7.71  7.71  7.71  7.71  7.71  7.71  7.71                  
7.71  7.71  7.71  7.71  7.71  7.71  7.71  7.71  7.71  7.71  7.71  7.71  7.71                  
7.71  7.71  7.71  7.71  7.71  7.71  7.71  7.71  7.71  7.71  7.71  7.71  7.71                  
7.71  7.71  7.71  7.71  7.71  7.71  7.71  7.71  7.71  7.71  7.71  7.71  7.71                  
7.71  7.71  7.71  7.71  7.71  7.71  7.71  7.71  7.71  7.71  7.71  7.71  7.71                  
7.71  7.71  7.71  7.71  7.71  7.71  7.71  7.71  7.71  7.71  7.71  7.71  7.71                  
7.71  7.71  7.71  7.71  7.71  7.71  7.71  7.71  7.71  7.71  7.71  7.71  7.71                  
7.71  7.71  7.71  7.71  7.71  7.71  7.71  7.71  7.71  7.71  7.71  7.71  7.71                  
7.71  7.71  7.71  7.71  7.71  7.71  7.71  7.71  7.71  7.71  7.71  7.71  7.71                  
7.71  7.71  7.71  7.71  7.71  7.71  7.71  7.71  7.71  7.71  7.71  7.71  7.71                  
7.71  7.71  7.71  7.71  7.71  7.71  7.71  7.71  7.71  7.71  7.71  7.71  7.71                  
7.71  7.71  7.71  7.71  7.71  7.71  7.71  7.71  7.71  7.71  7.71  7.71  7.71                  
7.71  7.71  7.71  7.71  7.71  7.71  7.71  7.71  7.71  7.71  7.71  7.71  7.71                  
7.71  7.71  7.71  7.71  7.71  7.71  7.71  7.71  7.71  7.71  7.71  7.71  7.71                  
7.71  7.71  7.71  7.71  7.71  7.71  7.71  7.71  7.71  7.71  7.71  7.71  7.71                  
7.82  7.82  7.82  7.82  7.82  7.82  7.82  7.82  7.82  7.82  7.82  7.82  7.82                  
7.82  7.82  7.82  7.82  7.82  7.82  7.82  7.82  7.82  7.82  7.82  7.82  7.82                  
7.82  7.82  7.82  7.82  7.82  7.82  7.82  7.82  7.82  7.82  7.82  7.82  7.82                  
7.82  7.82  7.82  7.82  7.82  7.82  7.82  7.82  7.82  7.82  7.82  7.82  7.82                  
7.82  7.82  7.82  7.82  7.82  7.82  7.82  7.82  7.82  7.82  7.82  7.82  7.82                  
7.82  7.82  7.82  7.82  7.82  7.82  7.82  7.82  7.82  7.82  7.82  7.82  7.82                  
7.82  7.82  7.82  7.82  7.82  7.82  7.82  7.82  7.82  7.82  7.82  7.82  7.82                  
7.82  7.82  7.82  7.82  7.82  7.82  7.82  7.82  7.82  7.82  7.82  7.82  7.82                  
7.82  7.82  7.82  7.82  7.82  7.82  7.82  7.82  7.82  7.82  7.82  7.82  7.82                  
7.82  7.82  7.82  7.82  7.82  7.82  7.82  7.82  7.82  7.82  7.82  7.82  7.82                  
7.82  7.82  7.82  7.82  7.82  7.82  7.82  7.82  7.82  7.82  7.82  7.82  7.82                  
7.82  7.82  7.82  7.82  7.82  7.82  7.82  7.82  7.82  7.82  7.82  7.82  7.82                  
7.82  7.82  7.82  7.82  7.82  7.82  7.82  7.82  7.82  7.82  7.82  7.82  7.82                  
7.82  7.82  7.82  7.82  7.82  7.82  7.82  7.82  7.82  7.82  7.82  7.82  7.82                  
7.82  7.82  7.82  7.82  7.82  7.82  7.82  7.82  7.82  7.82  7.82  7.82  7.82                  
7.82  7.82  7.82  7.82  7.82  7.82  7.82  7.82  7.82  7.82  7.82  7.82  7.82                  
7.82  7.82  7.82  7.82  7.82  7.82  7.82  7.82  7.82  7.82  7.82  7.82  7.82                  
7.82  7.82  7.82  7.82  7.82  7.82  7.82  7.82  7.82  7.82  7.82  7.82  7.82                  
7.82  7.82  7.82  7.82  7.82  7.82  7.82  7.82  7.82  7.82  7.82  7.82  7.82                  
7.82  7.82  7.82  7.82  7.82  7.82  7.82  7.82  7.82  7.82  7.82  7.82  7.82                  
7.88  7.88  7.88  7.88  7.88  7.88  7.88  7.88  7.88  7.88  7.88  7.88  7.88                  
7.88  7.88  7.88  7.88  7.88  7.88  7.88  7.88  7.88  7.88  7.88  7.88  7.88                  
7.88  7.88  7.88  7.88  7.88  7.88  7.88  7.88  7.88  7.88  7.88  7.88  7.88                  
7.88  7.88  7.88  7.88  7.88  7.88  7.88  7.88  7.88  7.88  7.88  7.88  7.88                  
7.88  7.88  7.88  7.88  7.88  7.88  7.88  7.88  7.88  7.88  7.88  7.88  7.88                  
7.88  7.88  7.88  7.88  7.88  7.88  7.88  7.88  7.88  7.88  7.88  7.88  7.88                  
7.88  7.88  7.88  7.88  7.88  7.88  7.88  7.88  7.88  7.88  7.88  7.88  7.88                  
7.88  7.88  7.88  7.88  7.88  7.88  7.88  7.88  7.88  7.88  7.88  7.88  7.88                  
7.88  7.88  7.88  7.88  7.88  7.88  7.88  7.88  7.88  7.88  7.88  7.88  7.88                  
7.88  7.88  7.88  7.88  7.88  7.88  7.88  7.88  7.88  7.88  7.88  7.88  7.88                  
7.88  7.88  7.88  7.88  7.88  7.88  7.88  7.88  7.88  7.88  7.88  7.88  7.88                  
7.88  7.88  7.88  7.88  7.88  7.88  7.88  7.88  7.88  7.88  7.88  7.88  7.88                  
7.88  7.88  7.88  7.88  7.88  7.88  7.88  7.88  7.88  7.88  7.88  7.88  7.88                  
7.88  7.88  7.88  7.88  7.88  7.88  7.88  7.88  7.88  7.88  7.88  7.88  7.88                  
7.88  7.88  7.88  7.88  7.88  7.88  7.88  7.88  7.88  7.88  7.88  7.88  7.88                  
7.88  7.88  7.88  7.88  7.88  7.88  7.88  7.88  7.88  7.88  7.88  7.88  7.88                  
7.88  7.88  7.88  7.88  7.88  7.88  7.88  7.88  7.88  7.88  7.88  7.88  7.88                  
7.88  7.88  7.88  7.88  7.88  7.88  7.88  7.88  7.88  7.88  7.88  7.88  7.88                  
7.88  7.88  7.88  7.88  7.88  7.88  7.88  7.88  7.88  7.88  7.88  7.88  7.88                  
7.88  7.88  7.88  7.88  7.88  7.88  7.88  7.88  7.88  7.88  7.88  7.88  7.88                  
7.93  7.93  7.93  7.93  7.93  7.93  7.93  7.93  7.93  7.93  7.93  7.93  7.93                  
7.93  7.93  7.93  7.93  7.93  7.93  7.93  7.93  7.93  7.93  7.93  7.93  7.93                  
7.93  7.93  7.93  7.93  7.93  7.93  7.93  7.93  7.93  7.93  7.93  7.93  7.93                  
7.93  7.93  7.93  7.93  7.93  7.93  7.93  7.93  7.93  7.93  7.93  7.93  7.93                  
7.93  7.93  7.93  7.93  7.93  7.93  7.93  7.93  7.93  7.93  7.93  7.93  7.93                  
7.93  7.93  7.93  7.93  7.93  7.93  7.93  7.93  7.93  7.93  7.93  7.93  7.93                  
7.93  7.93  7.93  7.93  7.93  7.93  7.93  7.93  7.93  7.93  7.93  7.93  7.93                  
7.93  7.93  7.93  7.93  7.93  7.93  7.93  7.93  7.93  7.93  7.93  7.93  7.93                  
7.93  7.93  7.93  7.93  7.93  7.93  7.93  7.93  7.93  7.93  7.93  7.93  7.93                  
7.93  7.93  7.93  7.93  7.93  7.93  7.93  7.93  7.93  7.93  7.93  7.93  7.93                  
7.93  7.93  7.93  7.93  7.93  7.93  7.93  7.93  7.93  7.93  7.93  7.93  7.93                  
7.93  7.93  7.93  7.93  7.93  7.93  7.93  7.93  7.93  7.93  7.93  7.93  7.93                  
7.93  7.93  7.93  7.93  7.93  7.93  7.93  7.93  7.93  7.93  7.93  7.93  7.93                  
7.93  7.93  7.93  7.93  7.93  7.93  7.93  7.93  7.93  7.93  7.93  7.93  7.93                  
7.93  7.93  7.93  7.93  7.93  7.93  7.93  7.93  7.93  7.93  7.93  7.93  7.93                  
7.93  7.93  7.93  7.93  7.93  7.93  7.93  7.93  7.93  7.93  7.93  7.93  7.93                  
7.93  7.93  7.93  7.93  7.93  7.93  7.93  7.93  7.93  7.93  7.93  7.93  7.93                  
7.93  7.93  7.93  7.93  7.93  7.93  7.93  7.93  7.93  7.93  7.93  7.93  7.93                  
7.93  7.93  7.93  7.93  7.93  7.93  7.93  7.93  7.93  7.93  7.93  7.93  7.93                  
7.93  7.93  7.93  7.93  7.93  7.93  7.93  7.93  7.93  7.93  7.93  7.93  7.93                  
7.99  7.99  7.99  7.99  7.99  7.99  7.99  7.99  7.99  7.99  7.99  7.99  7.99                  
7.99  7.99  7.99  7.99  7.99  7.99  7.99  7.99  7.99  7.99  7.99  7.99  7.99                  
7.99  7.99  7.99  7.99  7.99  7.99  7.99  7.99  7.99  7.99  7.99  7.99  7.99                  
7.99  7.99  7.99  7.99  7.99  7.99  7.99  7.99  7.99  7.99  7.99  7.99  7.99                  
7.99  7.99  7.99  7.99  7.99  7.99  7.99  7.99  7.99  7.99  7.99  7.99  7.99                  
7.99  7.99  7.99  7.99  7.99  7.99  7.99  7.99  7.99  7.99  7.99  7.99  7.99                  
7.99  7.99  7.99  7.99  7.99  7.99  7.99  7.99  7.99  7.99  7.99  7.99  7.99                  
7.99  7.99  7.99  7.99  7.99  7.99  7.99  7.99  7.99  7.99  7.99  7.99  7.99                  
7.99  7.99  7.99  7.99  7.99  7.99  7.99  7.99  7.99  7.99  7.99  7.99  7.99                  
7.99  7.99  7.99  7.99  7.99  7.99  7.99  7.99  7.99  7.99  7.99  7.99  7.99                  
7.99  7.99  7.99  7.99  7.99  7.99  7.99  7.99  7.99  7.99  7.99  7.99  7.99                  
7.99  7.99  7.99  7.99  7.99  7.99  7.99  7.99  7.99  7.99  7.99  7.99  7.99                  
7.99  7.99  7.99  7.99  7.99  7.99  7.99  7.99  7.99  7.99  7.99  7.99  7.99                  
7.99  7.99  7.99  7.99  7.99  7.99  7.99  7.99  7.99  7.99  7.99  7.99  7.99                  
7.99  7.99  7.99  7.99  7.99  7.99  7.99  7.99  7.99  7.99  7.99  7.99  7.99                  
7.99  7.99  7.99  7.99  7.99  7.99  7.99  7.99  7.99  7.99  7.99  7.99  7.99                  
7.99  7.99  7.99  7.99  7.99  7.99  7.99  7.99  7.99  7.99  7.99  7.99  7.99                  
7.99  7.99  7.99  7.99  7.99  7.99  7.99  7.99  7.99  7.99  7.99  7.99  7.99                  
7.99  7.99  7.99  7.99  7.99  7.99  7.99  7.99  7.99  7.99  7.99  7.99  7.99                  
7.99  7.99  7.99  7.99  7.99  7.99  7.99  7.99  7.99  7.99  7.99  7.99  7.99                  
8.05  8.05  8.05  8.05  8.05  8.05  8.05  8.05  8.05  8.05  8.05  8.05  8.05                  
8.05  8.05  8.05  8.05  8.05  8.05  8.05  8.05  8.05  8.05  8.05  8.05  8.05                  
8.05  8.05  8.05  8.05  8.05  8.05  8.05  8.05  8.05  8.05  8.05  8.05  8.05                  
8.05  8.05  8.05  8.05  8.05  8.05  8.05  8.05  8.05  8.05  8.05  8.05  8.05                  
8.05  8.05  8.05  8.05  8.05  8.05  8.05  8.05  8.05  8.05  8.05  8.05  8.05                  
8.05  8.05  8.05  8.05  8.05  8.05  8.05  8.05  8.05  8.05  8.05  8.05  8.05                  
8.05  8.05  8.05  8.05  8.05  8.05  8.05  8.05  8.05  8.05  8.05  8.05  8.05                  
8.05  8.05  8.05  8.05  8.05  8.05  8.05  8.05  8.05  8.05  8.05  8.05  8.05                  
8.05  8.05  8.05  8.05  8.05  8.05  8.05  8.05  8.05  8.05  8.05  8.05  8.05                  
8.05  8.05  8.05  8.05  8.05  8.05  8.05  8.05  8.05  8.05  8.05  8.05  8.05                  
8.05  8.05  8.05  8.05  8.05  8.05  8.05  8.05  8.05  8.05  8.05  8.05  8.05                  
8.05  8.05  8.05  8.05  8.05  8.05  8.05  8.05  8.05  8.05  8.05  8.05  8.05                  
8.05  8.05  8.05  8.05  8.05  8.05  8.05  8.05  8.05  8.05  8.05  8.05  8.05                  
8.05  8.05  8.05  8.05  8.05  8.05  8.05  8.05  8.05  8.05  8.05  8.05  8.05                  
8.05  8.05  8.05  8.05  8.05  8.05  8.05  8.05  8.05  8.05  8.05  8.05  8.05                  
8.05  8.05  8.05  8.05  8.05  8.05  8.05  8.05  8.05  8.05  8.05  8.05  8.05                  
8.05  8.05  8.05  8.05  8.05  8.05  8.05  8.05  8.05  8.05  8.05  8.05  8.05                  
8.05  8.05  8.05  8.05  8.05  8.05  8.05  8.05  8.05  8.05  8.05  8.05  8.05                  
8.05  8.05  8.05  8.05  8.05  8.05  8.05  8.05  8.05  8.05  8.05  8.05  8.05                  
8.05  8.05  8.05  8.05  8.05  8.05  8.05  8.05  8.05  8.05  8.05  8.05  8.05                  
8.08  8.08  8.08  8.08  8.08  8.08  8.08  8.08  8.08  8.08  8.08  8.08  8.08                  
8.08  8.08  8.08  8.08  8.08  8.08  8.08  8.08  8.08  8.08  8.08  8.08  8.08                  
8.08  8.08  8.08  8.08  8.08  8.08  8.08  8.08  8.08  8.08  8.08  8.08  8.08                  
8.08  8.08  8.08  8.08  8.08  8.08  8.08  8.08  8.08  8.08  8.08  8.08  8.08                  
8.08  8.08  8.08  8.08  8.08  8.08  8.08  8.08  8.08  8.08  8.08  8.08  8.08                  
8.08  8.08  8.08  8.08  8.08  8.08  8.08  8.08  8.08  8.08  8.08  8.08  8.08                  
8.08  8.08  8.08  8.08  8.08  8.08  8.08  8.08  8.08  8.08  8.08  8.08  8.08                  
8.08  8.08  8.08  8.08  8.08  8.08  8.08  8.08  8.08  8.08  8.08  8.08  8.08                  
8.08  8.08  8.08  8.08  8.08  8.08  8.08  8.08  8.08  8.08  8.08  8.08  8.08                  
8.08  8.08  8.08  8.08  8.08  8.08  8.08  8.08  8.08  8.08  8.08  8.08  8.08                  
8.08  8.08  8.08  8.08  8.08  8.08  8.08  8.08  8.08  8.08  8.08  8.08  8.08                  
8.08  8.08  8.08  8.08  8.08  8.08  8.08  8.08  8.08  8.08  8.08  8.08  8.08                  
8.08  8.08  8.08  8.08  8.08  8.08  8.08  8.08  8.08  8.08  8.08  8.08  8.08                  
8.08  8.08  8.08  8.08  8.08  8.08  8.08  8.08  8.08  8.08  8.08  8.08  8.08                  
8.08  8.08  8.08  8.08  8.08  8.08  8.08  8.08  8.08  8.08  8.08  8.08  8.08                  
8.08  8.08  8.08  8.08  8.08  8.08  8.08  8.08  8.08  8.08  8.08  8.08  8.08                  
8.08  8.08  8.08  8.08  8.08  8.08  8.08  8.08  8.08  8.08  8.08  8.08  8.08                  
8.08  8.08  8.08  8.08  8.08  8.08  8.08  8.08  8.08  8.08  8.08  8.08  8.08                  
8.08  8.08  8.08  8.08  8.08  8.08  8.08  8.08  8.08  8.08  8.08  8.08  8.08                  
8.08  8.08  8.08  8.08  8.08  8.08  8.08  8.08  8.08  8.08  8.08  8.08  8.08                  
8.1  8.1  8.1  8.1  8.1  8.1  8.1  8.1  8.1  8.1  8.1  8.1  8.1                  
8.1  8.1  8.1  8.1  8.1  8.1  8.1  8.1  8.1  8.1  8.1  8.1  8.1                  
8.1  8.1  8.1  8.1  8.1  8.1  8.1  8.1  8.1  8.1  8.1  8.1  8.1                  
8.1  8.1  8.1  8.1  8.1  8.1  8.1  8.1  8.1  8.1  8.1  8.1  8.1                  
8.1  8.1  8.1  8.1  8.1  8.1  8.1  8.1  8.1  8.1  8.1  8.1  8.1                  
8.1  8.1  8.1  8.1  8.1  8.1  8.1  8.1  8.1  8.1  8.1  8.1  8.1                  
8.1  8.1  8.1  8.1  8.1  8.1  8.1  8.1  8.1  8.1  8.1  8.1  8.1                  
8.1  8.1  8.1  8.1  8.1  8.1  8.1  8.1  8.1  8.1  8.1  8.1  8.1                  
8.1  8.1  8.1  8.1  8.1  8.1  8.1  8.1  8.1  8.1  8.1  8.1  8.1                  
8.1  8.1  8.1  8.1  8.1  8.1  8.1  8.1  8.1  8.1  8.1  8.1  8.1                  
8.1  8.1  8.1  8.1  8.1  8.1  8.1  8.1  8.1  8.1  8.1  8.1  8.1                  
8.1  8.1  8.1  8.1  8.1  8.1  8.1  8.1  8.1  8.1  8.1  8.1  8.1                  
8.1  8.1  8.1  8.1  8.1  8.1  8.1  8.1  8.1  8.1  8.1  8.1  8.1                  
8.1  8.1  8.1  8.1  8.1  8.1  8.1  8.1  8.1  8.1  8.1  8.1  8.1                  
8.1  8.1  8.1  8.1  8.1  8.1  8.1  8.1  8.1  8.1  8.1  8.1  8.1                  
8.1  8.1  8.1  8.1  8.1  8.1  8.1  8.1  8.1  8.1  8.1  8.1  8.1                  
8.1  8.1  8.1  8.1  8.1  8.1  8.1  8.1  8.1  8.1  8.1  8.1  8.1                  
8.1  8.1  8.1  8.1  8.1  8.1  8.1  8.1  8.1  8.1  8.1  8.1  8.1                  
8.1  8.1  8.1  8.1  8.1  8.1  8.1  8.1  8.1  8.1  8.1  8.1  8.1                  
8.1  8.1  8.1  8.1  8.1  8.1  8.1  8.1  8.1  8.1  8.1  8.1  8.1                  
8.13  8.13  8.13  8.13  8.13  8.13  8.13  8.13  8.13  8.13  8.13  8.13  8.13                  
8.13  8.13  8.13  8.13  8.13  8.13  8.13  8.13  8.13  8.13  8.13  8.13  8.13                  
8.13  8.13  8.13  8.13  8.13  8.13  8.13  8.13  8.13  8.13  8.13  8.13  8.13                  
8.13  8.13  8.13  8.13  8.13  8.13  8.13  8.13  8.13  8.13  8.13  8.13  8.13                  
8.13  8.13  8.13  8.13  8.13  8.13  8.13  8.13  8.13  8.13  8.13  8.13  8.13                  
8.13  8.13  8.13  8.13  8.13  8.13  8.13  8.13  8.13  8.13  8.13  8.13  8.13                  
8.13  8.13  8.13  8.13  8.13  8.13  8.13  8.13  8.13  8.13  8.13  8.13  8.13                  
8.13  8.13  8.13  8.13  8.13  8.13  8.13  8.13  8.13  8.13  8.13  8.13  8.13                  
8.13  8.13  8.13  8.13  8.13  8.13  8.13  8.13  8.13  8.13  8.13  8.13  8.13                  
8.13  8.13  8.13  8.13  8.13  8.13  8.13  8.13  8.13  8.13  8.13  8.13  8.13                  
8.13  8.13  8.13  8.13  8.13  8.13  8.13  8.13  8.13  8.13  8.13  8.13  8.13                  
8.13  8.13  8.13  8.13  8.13  8.13  8.13  8.13  8.13  8.13  8.13  8.13  8.13                  
8.13  8.13  8.13  8.13  8.13  8.13  8.13  8.13  8.13  8.13  8.13  8.13  8.13                  
8.13  8.13  8.13  8.13  8.13  8.13  8.13  8.13  8.13  8.13  8.13  8.13  8.13                  
8.13  8.13  8.13  8.13  8.13  8.13  8.13  8.13  8.13  8.13  8.13  8.13  8.13                  
8.13  8.13  8.13  8.13  8.13  8.13  8.13  8.13  8.13  8.13  8.13  8.13  8.13                  
8.13  8.13  8.13  8.13  8.13  8.13  8.13  8.13  8.13  8.13  8.13  8.13  8.13                  
8.13  8.13  8.13  8.13  8.13  8.13  8.13  8.13  8.13  8.13  8.13  8.13  8.13                  
8.13  8.13  8.13  8.13  8.13  8.13  8.13  8.13  8.13  8.13  8.13  8.13  8.13                  
8.13  8.13  8.13  8.13  8.13  8.13  8.13  8.13  8.13  8.13  8.13  8.13  8.13                  
8.16  8.16  8.16  8.16  8.16  8.16  8.16  8.16  8.16  8.16  8.16  8.16  8.16                  
8.16  8.16  8.16  8.16  8.16  8.16  8.16  8.16  8.16  8.16  8.16  8.16  8.16                  
8.16  8.16  8.16  8.16  8.16  8.16  8.16  8.16  8.16  8.16  8.16  8.16  8.16                  
8.16  8.16  8.16  8.16  8.16  8.16  8.16  8.16  8.16  8.16  8.16  8.16  8.16                  
8.16  8.16  8.16  8.16  8.16  8.16  8.16  8.16  8.16  8.16  8.16  8.16  8.16                  
8.16  8.16  8.16  8.16  8.16  8.16  8.16  8.16  8.16  8.16  8.16  8.16  8.16                  
8.16  8.16  8.16  8.16  8.16  8.16  8.16  8.16  8.16  8.16  8.16  8.16  8.16                  
8.16  8.16  8.16  8.16  8.16  8.16  8.16  8.16  8.16  8.16  8.16  8.16  8.16                  
8.16  8.16  8.16  8.16  8.16  8.16  8.16  8.16  8.16  8.16  8.16  8.16  8.16                  
8.16  8.16  8.16  8.16  8.16  8.16  8.16  8.16  8.16  8.16  8.16  8.16  8.16                  
8.16  8.16  8.16  8.16  8.16  8.16  8.16  8.16  8.16  8.16  8.16  8.16  8.16                  
8.16  8.16  8.16  8.16  8.16  8.16  8.16  8.16  8.16  8.16  8.16  8.16  8.16                  
8.16  8.16  8.16  8.16  8.16  8.16  8.16  8.16  8.16  8.16  8.16  8.16  8.16                  
8.16  8.16  8.16  8.16  8.16  8.16  8.16  8.16  8.16  8.16  8.16  8.16  8.16                  
8.16  8.16  8.16  8.16  8.16  8.16  8.16  8.16  8.16  8.16  8.16  8.16  8.16                  
8.16  8.16  8.16  8.16  8.16  8.16  8.16  8.16  8.16  8.16  8.16  8.16  8.16                  
8.16  8.16  8.16  8.16  8.16  8.16  8.16  8.16  8.16  8.16  8.16  8.16  8.16                  
8.16  8.16  8.16  8.16  8.16  8.16  8.16  8.16  8.16  8.16  8.16  8.16  8.16                  
8.16  8.16  8.16  8.16  8.16  8.16  8.16  8.16  8.16  8.16  8.16  8.16  8.16                  
8.16  8.16  8.16  8.16  8.16  8.16  8.16  8.16  8.16  8.16  8.16  8.16  8.16                  
8.18  8.18  8.18  8.18  8.18  8.18  8.18  8.18  8.18  8.18  8.18  8.18  8.18                  
8.18  8.18  8.18  8.18  8.18  8.18  8.18  8.18  8.18  8.18  8.18  8.18  8.18                  
8.18  8.18  8.18  8.18  8.18  8.18  8.18  8.18  8.18  8.18  8.18  8.18  8.18                  
8.18  8.18  8.18  8.18  8.18  8.18  8.18  8.18  8.18  8.18  8.18  8.18  8.18                  
8.18  8.18  8.18  8.18  8.18  8.18  8.18  8.18  8.18  8.18  8.18  8.18  8.18                  
8.18  8.18  8.18  8.18  8.18  8.18  8.18  8.18  8.18  8.18  8.18  8.18  8.18                  
8.18  8.18  8.18  8.18  8.18  8.18  8.18  8.18  8.18  8.18  8.18  8.18  8.18                  
8.18  8.18  8.18  8.18  8.18  8.18  8.18  8.18  8.18  8.18  8.18  8.18  8.18                  
8.18  8.18  8.18  8.18  8.18  8.18  8.18  8.18  8.18  8.18  8.18  8.18  8.18                  
8.18  8.18  8.18  8.18  8.18  8.18  8.18  8.18  8.18  8.18  8.18  8.18  8.18                  
8.18  8.18  8.18  8.18  8.18  8.18  8.18  8.18  8.18  8.18  8.18  8.18  8.18                  
8.18  8.18  8.18  8.18  8.18  8.18  8.18  8.18  8.18  8.18  8.18  8.18  8.18                  
8.18  8.18  8.18  8.18  8.18  8.18  8.18  8.18  8.18  8.18  8.18  8.18  8.18                  
8.18  8.18  8.18  8.18  8.18  8.18  8.18  8.18  8.18  8.18  8.18  8.18  8.18                  
8.18  8.18  8.18  8.18  8.18  8.18  8.18  8.18  8.18  8.18  8.18  8.18  8.18                  
8.18  8.18  8.18  8.18  8.18  8.18  8.18  8.18  8.18  8.18  8.18  8.18  8.18                  
8.18  8.18  8.18  8.18  8.18  8.18  8.18  8.18  8.18  8.18  8.18  8.18  8.18                  
8.18  8.18  8.18  8.18  8.18  8.18  8.18  8.18  8.18  8.18  8.18  8.18  8.18                  
8.18  8.18  8.18  8.18  8.18  8.18  8.18  8.18  8.18  8.18  8.18  8.18  8.18                  
8.18  8.18  8.18  8.18  8.18  8.18  8.18  8.18  8.18  8.18  8.18  8.18  8.18                  
8.41  8.41  8.41  8.41  8.41  8.41  8.41  8.41  8.41  8.41  8.41  8.41  8.41                  
8.41  8.41  8.41  8.41  8.41  8.41  8.41  8.41  8.41  8.41  8.41  8.41  8.41                  
8.41  8.41  8.41  8.41  8.41  8.41  8.41  8.41  8.41  8.41  8.41  8.41  8.41                  
8.41  8.41  8.41  8.41  8.41  8.41  8.41  8.41  8.41  8.41  8.41  8.41  8.41                  
8.41  8.41  8.41  8.41  8.41  8.41  8.41  8.41  8.41  8.41  8.41  8.41  8.41                  
8.41  8.41  8.41  8.41  8.41  8.41  8.41  8.41  8.41  8.41  8.41  8.41  8.41                  
8.41  8.41  8.41  8.41  8.41  8.41  8.41  8.41  8.41  8.41  8.41  8.41  8.41                  
8.41  8.41  8.41  8.41  8.41  8.41  8.41  8.41  8.41  8.41  8.41  8.41  8.41                  
8.41  8.41  8.41  8.41  8.41  8.41  8.41  8.41  8.41  8.41  8.41  8.41  8.41                  
8.41  8.41  8.41  8.41  8.41  8.41  8.41  8.41  8.41  8.41  8.41  8.41  8.41                  
8.41  8.41  8.41  8.41  8.41  8.41  8.41  8.41  8.41  8.41  8.41  8.41  8.41                  
8.41  8.41  8.41  8.41  8.41  8.41  8.41  8.41  8.41  8.41  8.41  8.41  8.41                  
8.41  8.41  8.41  8.41  8.41  8.41  8.41  8.41  8.41  8.41  8.41  8.41  8.41                  
8.41  8.41  8.41  8.41  8.41  8.41  8.41  8.41  8.41  8.41  8.41  8.41  8.41                  
8.41  8.41  8.41  8.41  8.41  8.41  8.41  8.41  8.41  8.41  8.41  8.41  8.41                  
8.41  8.41  8.41  8.41  8.41  8.41  8.41  8.41  8.41  8.41  8.41  8.41  8.41                  
8.41  8.41  8.41  8.41  8.41  8.41  8.41  8.41  8.41  8.41  8.41  8.41  8.41                  
8.41  8.41  8.41  8.41  8.41  8.41  8.41  8.41  8.41  8.41  8.41  8.41  8.41                  
8.41  8.41  8.41  8.41  8.41  8.41  8.41  8.41  8.41  8.41  8.41  8.41  8.41                  
8.41  8.41  8.41  8.41  8.41  8.41  8.41  8.41  8.41  8.41  8.41  8.41  8.41                  
8.66  8.66  8.66  8.66  8.66  8.66  8.66  8.66  8.66  8.66  8.66  8.66  8.66                  
8.66  8.66  8.66  8.66  8.66  8.66  8.66  8.66  8.66  8.66  8.66  8.66  8.66                  
8.66  8.66  8.66  8.66  8.66  8.66  8.66  8.66  8.66  8.66  8.66  8.66  8.66                  
8.66  8.66  8.66  8.66  8.66  8.66  8.66  8.66  8.66  8.66  8.66  8.66  8.66                  
8.66  8.66  8.66  8.66  8.66  8.66  8.66  8.66  8.66  8.66  8.66  8.66  8.66                  
8.66  8.66  8.66  8.66  8.66  8.66  8.66  8.66  8.66  8.66  8.66  8.66  8.66                  
8.66  8.66  8.66  8.66  8.66  8.66  8.66  8.66  8.66  8.66  8.66  8.66  8.66                  
8.66  8.66  8.66  8.66  8.66  8.66  8.66  8.66  8.66  8.66  8.66  8.66  8.66                  
8.66  8.66  8.66  8.66  8.66  8.66  8.66  8.66  8.66  8.66  8.66  8.66  8.66                  
8.66  8.66  8.66  8.66  8.66  8.66  8.66  8.66  8.66  8.66  8.66  8.66  8.66                  
8.66  8.66  8.66  8.66  8.66  8.66  8.66  8.66  8.66  8.66  8.66  8.66  8.66                  
8.66  8.66  8.66  8.66  8.66  8.66  8.66  8.66  8.66  8.66  8.66  8.66  8.66                  
8.66  8.66  8.66  8.66  8.66  8.66  8.66  8.66  8.66  8.66  8.66  8.66  8.66                  
8.66  8.66  8.66  8.66  8.66  8.66  8.66  8.66  8.66  8.66  8.66  8.66  8.66                  
8.66  8.66  8.66  8.66  8.66  8.66  8.66  8.66  8.66  8.66  8.66  8.66  8.66                  
8.66  8.66  8.66  8.66  8.66  8.66  8.66  8.66  8.66  8.66  8.66  8.66  8.66                  
8.66  8.66  8.66  8.66  8.66  8.66  8.66  8.66  8.66  8.66  8.66  8.66  8.66                  
8.66  8.66  8.66  8.66  8.66  8.66  8.66  8.66  8.66  8.66  8.66  8.66  8.66                  
8.66  8.66  8.66  8.66  8.66  8.66  8.66  8.66  8.66  8.66  8.66  8.66  8.66                  
8.66  8.66  8.66  8.66  8.66  8.66  8.66  8.66  8.66  8.66  8.66  8.66  8.66                  
1.814  1.814  1.814  1.814  1.814  1.814  1.814  1.814  1.814  1.814  1.814  1.814  1.814                  
1.814  1.814  1.814  1.814  1.814  1.814  1.814  1.814  1.814  1.814  1.814  1.814  1.814                  
1.814  1.814  1.814  1.814  1.814  1.814  1.814  1.814  1.814  1.814  1.814  1.814  1.814                  
1.814  1.814  1.814  1.814  1.814  1.814  1.814  1.814  1.814  1.814  1.814  1.814  1.814                  
1.814  1.814  1.814  1.814  1.814  1.814  1.814  1.814  1.814  1.814  1.814  1.814  1.814                  
1.814  1.814  1.814  1.814  1.814  1.814  1.814  1.814  1.814  1.814  1.814  1.814  1.814                  
1.814  1.814  1.814  1.814  1.814  1.814  1.814  1.814  1.814  1.814  1.814  1.814  1.814                  
1.814  1.814  1.814  1.814  1.814  1.814  1.814  1.814  1.814  1.814  1.814  1.814  1.814                  
1.814  1.814  1.814  1.814  1.814  1.814  1.814  1.814  1.814  1.814  1.814  1.814  1.814                  
1.814  1.814  1.814  1.814  1.814  1.814  1.814  1.814  1.814  1.814  1.814  1.814  1.814                  
1.814  1.814  1.814  1.814  1.814  1.814  1.814  1.814  1.814  1.814  1.814  1.814  1.814                  
1.814  1.814  1.814  1.814  1.814  1.814  1.814  1.814  1.814  1.814  1.814  1.814  1.814                  
1.814  1.814  1.814  1.814  1.814  1.814  1.814  1.814  1.814  1.814  1.814  1.814  1.814                  
1.814  1.814  1.814  1.814  1.814  1.814  1.814  1.814  1.814  1.814  1.814  1.814  1.814                  
1.814  1.814  1.814  1.814  1.814  1.814  1.814  1.814  1.814  1.814  1.814  1.814  1.814                  
1.814  1.814  1.814  1.814  1.814  1.814  1.814  1.814  1.814  1.814  1.814  1.814  1.814                  
1.814  1.814  1.814  1.814  1.814  1.814  1.814  1.814  1.814  1.814  1.814  1.814  1.814                  
1.814  1.814  1.814  1.814  1.814  1.814  1.814  1.814  1.814  1.814  1.814  1.814  1.814                  
1.814  1.814  1.814  1.814  1.814  1.814  1.814  1.814  1.814  1.814  1.814  1.814  1.814                  
1.814  1.814  1.814  1.814  1.814  1.814  1.814  1.814  1.814  1.814  1.814  1.814  1.814                  
1.814  1.814  1.814  1.814  1.814  1.814  1.814  1.814  1.814  1.814  1.814  1.814  1.814                  
1.814  1.814  1.814  1.814  1.814  1.814  1.814  1.814  1.814  1.814  1.814  1.814  1.814                  
1.814  1.814  1.814  1.814  1.814  1.814  1.814  1.814  1.814  1.814  1.814  1.814  1.814                  
1.814  1.814  1.814  1.814  1.814  1.814  1.814  1.814  1.814  1.814  1.814  1.814  1.814                  
1.814  1.814  1.814  1.814  1.814  1.814  1.814  1.814  1.814  1.814  1.814  1.814  1.814                  
1.814  1.814  1.814  1.814  1.814  1.814  1.814  1.814  1.814  1.814  1.814  1.814  1.814                  
1.814  1.814  1.814  1.814  1.814  1.814  1.814  1.814  1.814  1.814  1.814  1.814  1.814                  
1.814  1.814  1.814  1.814  1.814  1.814  1.814  1.814  1.814  1.814  1.814  1.814  1.814                  
1.814  1.814  1.814  1.814  1.814  1.814  1.814  1.814  1.814  1.814  1.814  1.814  1.814                  
1.814  1.814  1.814  1.814  1.814  1.814  1.814  1.814  1.814  1.814  1.814  1.814  1.814                  
1.814  1.814  1.814  1.814  1.814  1.814  1.814  1.814  1.814  1.814  1.814  1.814  1.814                  
1.814  1.814  1.814  1.814  1.814  1.814  1.814  1.814  1.814  1.814  1.814  1.814  1.814                  
1.814  1.814  1.814  1.814  1.814  1.814  1.814  1.814  1.814  1.814  1.814  1.814  1.814                  
1.814  1.814  1.814  1.814  1.814  1.814  1.814  1.814  1.814  1.814  1.814  1.814  1.814                  
1.814  1.814  1.814  1.814  1.814  1.814  1.814  1.814  1.814  1.814  1.814  1.814  1.814                  
1.814  1.814  1.814  1.814  1.814  1.814  1.814  1.814  1.814  1.814  1.814  1.814  1.814                  
1.814  1.814  1.814  1.814  1.814  1.814  1.814  1.814  1.814  1.814  1.814  1.814  1.814                  
1.814  1.814  1.814  1.814  1.814  1.814  1.814  1.814  1.814  1.814  1.814  1.814  1.814                  
1.814  1.814  1.814  1.814  1.814  1.814  1.814  1.814  1.814  1.814  1.814  1.814  1.814                  
1.814  1.814  1.814  1.814  1.814  1.814  1.814  1.814  1.814  1.814  1.814  1.814  1.814                  
1.814  1.814  1.814  1.814  1.814  1.814  1.814  1.814  1.814  1.814  1.814  1.814  1.814                  
1.814  1.814  1.814  1.814  1.814  1.814  1.814  1.814  1.814  1.814  1.814  1.814  1.814                  
1.814  1.814  1.814  1.814  1.814  1.814  1.814  1.814  1.814  1.814  1.814  1.814  1.814                  
1.814  1.814  1.814  1.814  1.814  1.814  1.814  1.814  1.814  1.814  1.814  1.814  1.814                  
1.814  1.814  1.814  1.814  1.814  1.814  1.814  1.814  1.814  1.814  1.814  1.814  1.814                  
1.814  1.814  1.814  1.814  1.814  1.814  1.814  1.814  1.814  1.814  1.814  1.814  1.814                  
1.814  1.814  1.814  1.814  1.814  1.814  1.814  1.814  1.814  1.814  1.814  1.814  1.814                  
1.814  1.814  1.814  1.814  1.814  1.814  1.814  1.814  1.814  1.814  1.814  1.814  1.814                  
1.814  1.814  1.814  1.814  1.814  1.814  1.814  1.814  1.814  1.814  1.814  1.814  1.814                  
1.814  1.814  1.814  1.814  1.814  1.814  1.814  1.814  1.814  1.814  1.814  1.814  1.814                  
1.814  1.814  1.814  1.814  1.814  1.814  1.814  1.814  1.814  1.814  1.814  1.814  1.814                  
1.814  1.814  1.814  1.814  1.814  1.814  1.814  1.814  1.814  1.814  1.814  1.814  1.814                  
1.814  1.814  1.814  1.814  1.814  1.814  1.814  1.814  1.814  1.814  1.814  1.814  1.814                  
1.814  1.814  1.814  1.814  1.814  1.814  1.814  1.814  1.814  1.814  1.814  1.814  1.814                  
1.814  1.814  1.814  1.814  1.814  1.814  1.814  1.814  1.814  1.814  1.814  1.814  1.814                  
1.814  1.814  1.814  1.814  1.814  1.814  1.814  1.814  1.814  1.814  1.814  1.814  1.814                  
1.814  1.814  1.814  1.814  1.814  1.814  1.814  1.814  1.814  1.814  1.814  1.814  1.814                  
1.814  1.814  1.814  1.814  1.814  1.814  1.814  1.814  1.814  1.814  1.814  1.814  1.814                  
1.814  1.814  1.814  1.814  1.814  1.814  1.814  1.814  1.814  1.814  1.814  1.814  1.814                  
1.814  1.814  1.814  1.814  1.814  1.814  1.814  1.814  1.814  1.814  1.814  1.814  1.814                  
1.814  1.814  1.814  1.814  1.814  1.814  1.814  1.814  1.814  1.814  1.814  1.814  1.814                  
1.814  1.814  1.814  1.814  1.814  1.814  1.814  1.814  1.814  1.814  1.814  1.814  1.814                  
1.814  1.814  1.814  1.814  1.814  1.814  1.814  1.814  1.814  1.814  1.814  1.814  1.814                  
1.814  1.814  1.814  1.814  1.814  1.814  1.814  1.814  1.814  1.814  1.814  1.814  1.814                  
1.814  1.814  1.814  1.814  1.814  1.814  1.814  1.814  1.814  1.814  1.814  1.814  1.814                  
1.814  1.814  1.814  1.814  1.814  1.814  1.814  1.814  1.814  1.814  1.814  1.814  1.814                  
1.814  1.814  1.814  1.814  1.814  1.814  1.814  1.814  1.814  1.814  1.814  1.814  1.814                  
1.814  1.814  1.814  1.814  1.814  1.814  1.814  1.814  1.814  1.814  1.814  1.814  1.814                  
1.814  1.814  1.814  1.814  1.814  1.814  1.814  1.814  1.814  1.814  1.814  1.814  1.814                  
1.814  1.814  1.814  1.814  1.814  1.814  1.814  1.814  1.814  1.814  1.814  1.814  1.814                  
1.814  1.814  1.814  1.814  1.814  1.814  1.814  1.814  1.814  1.814  1.814  1.814  1.814                  
1.814  1.814  1.814  1.814  1.814  1.814  1.814  1.814  1.814  1.814  1.814  1.814  1.814                  
1.814  1.814  1.814  1.814  1.814  1.814  1.814  1.814  1.814  1.814  1.814  1.814  1.814                  
1.814  1.814  1.814  1.814  1.814  1.814  1.814  1.814  1.814  1.814  1.814  1.814  1.814                  
1.814  1.814  1.814  1.814  1.814  1.814  1.814  1.814  1.814  1.814  1.814  1.814  1.814                  
1.814  1.814  1.814  1.814  1.814  1.814  1.814  1.814  1.814  1.814  1.814  1.814  1.814                  
1.814  1.814  1.814  1.814  1.814  1.814  1.814  1.814  1.814  1.814  1.814  1.814  1.814                  
1.814  1.814  1.814  1.814  1.814  1.814  1.814  1.814  1.814  1.814  1.814  1.814  1.814                  
1.814  1.814  1.814  1.814  1.814  1.814  1.814  1.814  1.814  1.814  1.814  1.814  1.814                  
1.814  1.814  1.814  1.814  1.814  1.814  1.814  1.814  1.814  1.814  1.814  1.814  1.814                  
1.814  1.814  1.814  1.814  1.814  1.814  1.814  1.814  1.814  1.814  1.814  1.814  1.814                  
1.814  1.814  1.814  1.814  1.814  1.814  1.814  1.814  1.814  1.814  1.814  1.814  1.814                  
1.814  1.814  1.814  1.814  1.814  1.814  1.814  1.814  1.814  1.814  1.814  1.814  1.814                  
1.814  1.814  1.814  1.814  1.814  1.814  1.814  1.814  1.814  1.814  1.814  1.814  1.814                  
1.814  1.814  1.814  1.814  1.814  1.814  1.814  1.814  1.814  1.814  1.814  1.814  1.814                  
1.814  1.814  1.814  1.814  1.814  1.814  1.814  1.814  1.814  1.814  1.814  1.814  1.814                  
1.814  1.814  1.814  1.814  1.814  1.814  1.814  1.814  1.814  1.814  1.814  1.814  1.814                  
1.814  1.814  1.814  1.814  1.814  1.814  1.814  1.814  1.814  1.814  1.814  1.814  1.814                  
1.814  1.814  1.814  1.814  1.814  1.814  1.814  1.814  1.814  1.814  1.814  1.814  1.814                  
1.814  1.814  1.814  1.814  1.814  1.814  1.814  1.814  1.814  1.814  1.814  1.814  1.814                  
1.814  1.814  1.814  1.814  1.814  1.814  1.814  1.814  1.814  1.814  1.814  1.814  1.814                  
1.814  1.814  1.814  1.814  1.814  1.814  1.814  1.814  1.814  1.814  1.814  1.814  1.814                  
1.814  1.814  1.814  1.814  1.814  1.814  1.814  1.814  1.814  1.814  1.814  1.814  1.814                  
1.814  1.814  1.814  1.814  1.814  1.814  1.814  1.814  1.814  1.814  1.814  1.814  1.814                  
1.814  1.814  1.814  1.814  1.814  1.814  1.814  1.814  1.814  1.814  1.814  1.814  1.814                  
1.814  1.814  1.814  1.814  1.814  1.814  1.814  1.814  1.814  1.814  1.814  1.814  1.814                  
1.814  1.814  1.814  1.814  1.814  1.814  1.814  1.814  1.814  1.814  1.814  1.814  1.814                  
1.814  1.814  1.814  1.814  1.814  1.814  1.814  1.814  1.814  1.814  1.814  1.814  1.814                  
1.814  1.814  1.814  1.814  1.814  1.814  1.814  1.814  1.814  1.814  1.814  1.814  1.814                  
1.814  1.814  1.814  1.814  1.814  1.814  1.814  1.814  1.814  1.814  1.814  1.814  1.814                  
1.814  1.814  1.814  1.814  1.814  1.814  1.814  1.814  1.814  1.814  1.814  1.814  1.814                  
1.814  1.814  1.814  1.814  1.814  1.814  1.814  1.814  1.814  1.814  1.814  1.814  1.814                  
1.814  1.814  1.814  1.814  1.814  1.814  1.814  1.814  1.814  1.814  1.814  1.814  1.814                  
1.814  1.814  1.814  1.814  1.814  1.814  1.814  1.814  1.814  1.814  1.814  1.814  1.814                  
1.814  1.814  1.814  1.814  1.814  1.814  1.814  1.814  1.814  1.814  1.814  1.814  1.814                  
1.814  1.814  1.814  1.814  1.814  1.814  1.814  1.814  1.814  1.814  1.814  1.814  1.814                  
1.814  1.814  1.814  1.814  1.814  1.814  1.814  1.814  1.814  1.814  1.814  1.814  1.814                  
1.814  1.814  1.814  1.814  1.814  1.814  1.814  1.814  1.814  1.814  1.814  1.814  1.814                  
1.814  1.814  1.814  1.814  1.814  1.814  1.814  1.814  1.814  1.814  1.814  1.814  1.814                  
1.814  1.814  1.814  1.814  1.814  1.814  1.814  1.814  1.814  1.814  1.814  1.814  1.814                  
1.814  1.814  1.814  1.814  1.814  1.814  1.814  1.814  1.814  1.814  1.814  1.814  1.814                  
1.814  1.814  1.814  1.814  1.814  1.814  1.814  1.814  1.814  1.814  1.814  1.814  1.814                  
1.814  1.814  1.814  1.814  1.814  1.814  1.814  1.814  1.814  1.814  1.814  1.814  1.814                  
1.814  1.814  1.814  1.814  1.814  1.814  1.814  1.814  1.814  1.814  1.814  1.814  1.814                  
1.814  1.814  1.814  1.814  1.814  1.814  1.814  1.814  1.814  1.814  1.814  1.814  1.814                  
1.814  1.814  1.814  1.814  1.814  1.814  1.814  1.814  1.814  1.814  1.814  1.814  1.814                  
1.814  1.814  1.814  1.814  1.814  1.814  1.814  1.814  1.814  1.814  1.814  1.814  1.814                  
1.814  1.814  1.814  1.814  1.814  1.814  1.814  1.814  1.814  1.814  1.814  1.814  1.814                  
1.814  1.814  1.814  1.814  1.814  1.814  1.814  1.814  1.814  1.814  1.814  1.814  1.814                  
1.814  1.814  1.814  1.814  1.814  1.814  1.814  1.814  1.814  1.814  1.814  1.814  1.814                  
1.814  1.814  1.814  1.814  1.814  1.814  1.814  1.814  1.814  1.814  1.814  1.814  1.814                  
1.814  1.814  1.814  1.814  1.814  1.814  1.814  1.814  1.814  1.814  1.814  1.814  1.814                  
1.814  1.814  1.814  1.814  1.814  1.814  1.814  1.814  1.814  1.814  1.814  1.814  1.814                  
1.814  1.814  1.814  1.814  1.814  1.814  1.814  1.814  1.814  1.814  1.814  1.814  1.814                  
1.814  1.814  1.814  1.814  1.814  1.814  1.814  1.814  1.814  1.814  1.814  1.814  1.814                  
1.814  1.814  1.814  1.814  1.814  1.814  1.814  1.814  1.814  1.814  1.814  1.814  1.814                  
1.814  1.814  1.814  1.814  1.814  1.814  1.814  1.814  1.814  1.814  1.814  1.814  1.814                  
1.814  1.814  1.814  1.814  1.814  1.814  1.814  1.814  1.814  1.814  1.814  1.814  1.814                  
1.814  1.814  1.814  1.814  1.814  1.814  1.814  1.814  1.814  1.814  1.814  1.814  1.814                  
1.814  1.814  1.814  1.814  1.814  1.814  1.814  1.814  1.814  1.814  1.814  1.814  1.814                  
1.814  1.814  1.814  1.814  1.814  1.814  1.814  1.814  1.814  1.814  1.814  1.814  1.814                  
1.814  1.814  1.814  1.814  1.814  1.814  1.814  1.814  1.814  1.814  1.814  1.814  1.814                  
1.814  1.814  1.814  1.814  1.814  1.814  1.814  1.814  1.814  1.814  1.814  1.814  1.814                  
1.814  1.814  1.814  1.814  1.814  1.814  1.814  1.814  1.814  1.814  1.814  1.814  1.814                  
1.814  1.814  1.814  1.814  1.814  1.814  1.814  1.814  1.814  1.814  1.814  1.814  1.814                  
1.814  1.814  1.814  1.814  1.814  1.814  1.814  1.814  1.814  1.814  1.814  1.814  1.814                  
1.814  1.814  1.814  1.814  1.814  1.814  1.814  1.814  1.814  1.814  1.814  1.814  1.814                  
1.814  1.814  1.814  1.814  1.814  1.814  1.814  1.814  1.814  1.814  1.814  1.814  1.814                  
1.814  1.814  1.814  1.814  1.814  1.814  1.814  1.814  1.814  1.814  1.814  1.814  1.814                  
1.814  1.814  1.814  1.814  1.814  1.814  1.814  1.814  1.814  1.814  1.814  1.814  1.814                  
1.814  1.814  1.814  1.814  1.814  1.814  1.814  1.814  1.814  1.814  1.814  1.814  1.814                  
1.814  1.814  1.814  1.814  1.814  1.814  1.814  1.814  1.814  1.814  1.814  1.814  1.814                  
1.814  1.814  1.814  1.814  1.814  1.814  1.814  1.814  1.814  1.814  1.814  1.814  1.814                  
1.814  1.814  1.814  1.814  1.814  1.814  1.814  1.814  1.814  1.814  1.814  1.814  1.814                  
1.814  1.814  1.814  1.814  1.814  1.814  1.814  1.814  1.814  1.814  1.814  1.814  1.814                  
1.814  1.814  1.814  1.814  1.814  1.814  1.814  1.814  1.814  1.814  1.814  1.814  1.814                  
1.814  1.814  1.814  1.814  1.814  1.814  1.814  1.814  1.814  1.814  1.814  1.814  1.814                  
1.814  1.814  1.814  1.814  1.814  1.814  1.814  1.814  1.814  1.814  1.814  1.814  1.814                  
1.814  1.814  1.814  1.814  1.814  1.814  1.814  1.814  1.814  1.814  1.814  1.814  1.814                  
1.814  1.814  1.814  1.814  1.814  1.814  1.814  1.814  1.814  1.814  1.814  1.814  1.814                  
1.814  1.814  1.814  1.814  1.814  1.814  1.814  1.814  1.814  1.814  1.814  1.814  1.814                  
1.814  1.814  1.814  1.814  1.814  1.814  1.814  1.814  1.814  1.814  1.814  1.814  1.814                  
1.814  1.814  1.814  1.814  1.814  1.814  1.814  1.814  1.814  1.814  1.814  1.814  1.814                  
1.814  1.814  1.814  1.814  1.814  1.814  1.814  1.814  1.814  1.814  1.814  1.814  1.814                  
1.814  1.814  1.814  1.814  1.814  1.814  1.814  1.814  1.814  1.814  1.814  1.814  1.814                  
1.814  1.814  1.814  1.814  1.814  1.814  1.814  1.814  1.814  1.814  1.814  1.814  1.814                  
1.814  1.814  1.814  1.814  1.814  1.814  1.814  1.814  1.814  1.814  1.814  1.814  1.814                  
1.814  1.814  1.814  1.814  1.814  1.814  1.814  1.814  1.814  1.814  1.814  1.814  1.814                  
1.814  1.814  1.814  1.814  1.814  1.814  1.814  1.814  1.814  1.814  1.814  1.814  1.814                  
1.814  1.814  1.814  1.814  1.814  1.814  1.814  1.814  1.814  1.814  1.814  1.814  1.814                  
1.814  1.814  1.814  1.814  1.814  1.814  1.814  1.814  1.814  1.814  1.814  1.814  1.814                  
1.814  1.814  1.814  1.814  1.814  1.814  1.814  1.814  1.814  1.814  1.814  1.814  1.814                  
1.814  1.814  1.814  1.814  1.814  1.814  1.814  1.814  1.814  1.814  1.814  1.814  1.814                  
1.814  1.814  1.814  1.814  1.814  1.814  1.814  1.814  1.814  1.814  1.814  1.814  1.814                  
1.814  1.814  1.814  1.814  1.814  1.814  1.814  1.814  1.814  1.814  1.814  1.814  1.814                  
1.814  1.814  1.814  1.814  1.814  1.814  1.814  1.814  1.814  1.814  1.814  1.814  1.814                  
1.814  1.814  1.814  1.814  1.814  1.814  1.814  1.814  1.814  1.814  1.814  1.814  1.814                  
1.814  1.814  1.814  1.814  1.814  1.814  1.814  1.814  1.814  1.814  1.814  1.814  1.814                  
1.814  1.814  1.814  1.814  1.814  1.814  1.814  1.814  1.814  1.814  1.814  1.814  1.814                  
1.814  1.814  1.814  1.814  1.814  1.814  1.814  1.814  1.814  1.814  1.814  1.814  1.814                  
1.814  1.814  1.814  1.814  1.814  1.814  1.814  1.814  1.814  1.814  1.814  1.814  1.814                  
1.814  1.814  1.814  1.814  1.814  1.814  1.814  1.814  1.814  1.814  1.814  1.814  1.814                  
1.814  1.814  1.814  1.814  1.814  1.814  1.814  1.814  1.814  1.814  1.814  1.814  1.814                  
1.814  1.814  1.814  1.814  1.814  1.814  1.814  1.814  1.814  1.814  1.814  1.814  1.814                  
1.814  1.814  1.814  1.814  1.814  1.814  1.814  1.814  1.814  1.814  1.814  1.814  1.814                  
1.814  1.814  1.814  1.814  1.814  1.814  1.814  1.814  1.814  1.814  1.814  1.814  1.814                  
1.814  1.814  1.814  1.814  1.814  1.814  1.814  1.814  1.814  1.814  1.814  1.814  1.814                  
1.814  1.814  1.814  1.814  1.814  1.814  1.814  1.814  1.814  1.814  1.814  1.814  1.814                  
1.814  1.814  1.814  1.814  1.814  1.814  1.814  1.814  1.814  1.814  1.814  1.814  1.814                  
1.814  1.814  1.814  1.814  1.814  1.814  1.814  1.814  1.814  1.814  1.814  1.814  1.814                  
1.814  1.814  1.814  1.814  1.814  1.814  1.814  1.814  1.814  1.814  1.814  1.814  1.814                  
1.814  1.814  1.814  1.814  1.814  1.814  1.814  1.814  1.814  1.814  1.814  1.814  1.814                  
1.814  1.814  1.814  1.814  1.814  1.814  1.814  1.814  1.814  1.814  1.814  1.814  1.814                  
1.814  1.814  1.814  1.814  1.814  1.814  1.814  1.814  1.814  1.814  1.814  1.814  1.814                  
1.814  1.814  1.814  1.814  1.814  1.814  1.814  1.814  1.814  1.814  1.814  1.814  1.814                  
1.814  1.814  1.814  1.814  1.814  1.814  1.814  1.814  1.814  1.814  1.814  1.814  1.814                  
1.814  1.814  1.814  1.814  1.814  1.814  1.814  1.814  1.814  1.814  1.814  1.814  1.814                  
1.814  1.814  1.814  1.814  1.814  1.814  1.814  1.814  1.814  1.814  1.814  1.814  1.814                  
1.814  1.814  1.814  1.814  1.814  1.814  1.814  1.814  1.814  1.814  1.814  1.814  1.814                  
1.814  1.814  1.814  1.814  1.814  1.814  1.814  1.814  1.814  1.814  1.814  1.814  1.814                  
1.814  1.814  1.814  1.814  1.814  1.814  1.814  1.814  1.814  1.814  1.814  1.814  1.814                  
1.814  1.814  1.814  1.814  1.814  1.814  1.814  1.814  1.814  1.814  1.814  1.814  1.814                  
1.814  1.814  1.814  1.814  1.814  1.814  1.814  1.814  1.814  1.814  1.814  1.814  1.814                  
1.814  1.814  1.814  1.814  1.814  1.814  1.814  1.814  1.814  1.814  1.814  1.814  1.814                  
1.814  1.814  1.814  1.814  1.814  1.814  1.814  1.814  1.814  1.814  1.814  1.814  1.814                  
1.814  1.814  1.814  1.814  1.814  1.814  1.814  1.814  1.814  1.814  1.814  1.814  1.814                  
1.814  1.814  1.814  1.814  1.814  1.814  1.814  1.814  1.814  1.814  1.814  1.814  1.814                  
1.814  1.814  1.814  1.814  1.814  1.814  1.814  1.814  1.814  1.814  1.814  1.814  1.814                  
1.814  1.814  1.814  1.814  1.814  1.814  1.814  1.814  1.814  1.814  1.814  1.814  1.814                  
1.814  1.814  1.814  1.814  1.814  1.814  1.814  1.814  1.814  1.814  1.814  1.814  1.814                  
1.814  1.814  1.814  1.814  1.814  1.814  1.814  1.814  1.814  1.814  1.814  1.814  1.814                  
1.814  1.814  1.814  1.814  1.814  1.814  1.814  1.814  1.814  1.814  1.814  1.814  1.814                  
1.814  1.814  1.814  1.814  1.814  1.814  1.814  1.814  1.814  1.814  1.814  1.814  1.814                  
1.814  1.814  1.814  1.814  1.814  1.814  1.814  1.814  1.814  1.814  1.814  1.814  1.814                  
1.814  1.814  1.814  1.814  1.814  1.814  1.814  1.814  1.814  1.814  1.814  1.814  1.814                  
1.814  1.814  1.814  1.814  1.814  1.814  1.814  1.814  1.814  1.814  1.814  1.814  1.814                  
1.814  1.814  1.814  1.814  1.814  1.814  1.814  1.814  1.814  1.814  1.814  1.814  1.814                  
1.814  1.814  1.814  1.814  1.814  1.814  1.814  1.814  1.814  1.814  1.814  1.814  1.814                  
1.814  1.814  1.814  1.814  1.814  1.814  1.814  1.814  1.814  1.814  1.814  1.814  1.814                  
1.814  1.814  1.814  1.814  1.814  1.814  1.814  1.814  1.814  1.814  1.814  1.814  1.814                  
1.814  1.814  1.814  1.814  1.814  1.814  1.814  1.814  1.814  1.814  1.814  1.814  1.814                  
1.814  1.814  1.814  1.814  1.814  1.814  1.814  1.814  1.814  1.814  1.814  1.814  1.814                  
1.814  1.814  1.814  1.814  1.814  1.814  1.814  1.814  1.814  1.814  1.814  1.814  1.814                  
1.814  1.814  1.814  1.814  1.814  1.814  1.814  1.814  1.814  1.814  1.814  1.814  1.814                  
1.814  1.814  1.814  1.814  1.814  1.814  1.814  1.814  1.814  1.814  1.814  1.814  1.814                  
1.814  1.814  1.814  1.814  1.814  1.814  1.814  1.814  1.814  1.814  1.814  1.814  1.814                  
1.814  1.814  1.814  1.814  1.814  1.814  1.814  1.814  1.814  1.814  1.814  1.814  1.814                  
1.814  1.814  1.814  1.814  1.814  1.814  1.814  1.814  1.814  1.814  1.814  1.814  1.814                  
1.814  1.814  1.814  1.814  1.814  1.814  1.814  1.814  1.814  1.814  1.814  1.814  1.814                  
1.814  1.814  1.814  1.814  1.814  1.814  1.814  1.814  1.814  1.814  1.814  1.814  1.814                  
1.814  1.814  1.814  1.814  1.814  1.814  1.814  1.814  1.814  1.814  1.814  1.814  1.814                  
1.814  1.814  1.814  1.814  1.814  1.814  1.814  1.814  1.814  1.814  1.814  1.814  1.814                  
1.814  1.814  1.814  1.814  1.814  1.814  1.814  1.814  1.814  1.814  1.814  1.814  1.814                  
1.814  1.814  1.814  1.814  1.814  1.814  1.814  1.814  1.814  1.814  1.814  1.814  1.814                  
1.814  1.814  1.814  1.814  1.814  1.814  1.814  1.814  1.814  1.814  1.814  1.814  1.814                  
1.814  1.814  1.814  1.814  1.814  1.814  1.814  1.814  1.814  1.814  1.814  1.814  1.814                  
1.814  1.814  1.814  1.814  1.814  1.814  1.814  1.814  1.814  1.814  1.814  1.814  1.814                  
1.814  1.814  1.814  1.814  1.814  1.814  1.814  1.814  1.814  1.814  1.814  1.814  1.814                  
1.814  1.814  1.814  1.814  1.814  1.814  1.814  1.814  1.814  1.814  1.814  1.814  1.814                  
1.814  1.814  1.814  1.814  1.814  1.814  1.814  1.814  1.814  1.814  1.814  1.814  1.814                  
1.814  1.814  1.814  1.814  1.814  1.814  1.814  1.814  1.814  1.814  1.814  1.814  1.814                  
1.814  1.814  1.814  1.814  1.814  1.814  1.814  1.814  1.814  1.814  1.814  1.814  1.814                  
1.814  1.814  1.814  1.814  1.814  1.814  1.814  1.814  1.814  1.814  1.814  1.814  1.814                  
1.814  1.814  1.814  1.814  1.814  1.814  1.814  1.814  1.814  1.814  1.814  1.814  1.814                  
1.814  1.814  1.814  1.814  1.814  1.814  1.814  1.814  1.814  1.814  1.814  1.814  1.814                  
1.814  1.814  1.814  1.814  1.814  1.814  1.814  1.814  1.814  1.814  1.814  1.814  1.814                  
1.814  1.814  1.814  1.814  1.814  1.814  1.814  1.814  1.814  1.814  1.814  1.814  1.814                  
1.814  1.814  1.814  1.814  1.814  1.814  1.814  1.814  1.814  1.814  1.814  1.814  1.814                  
1.814  1.814  1.814  1.814  1.814  1.814  1.814  1.814  1.814  1.814  1.814  1.814  1.814                  
1.814  1.814  1.814  1.814  1.814  1.814  1.814  1.814  1.814  1.814  1.814  1.814  1.814                  
1.814  1.814  1.814  1.814  1.814  1.814  1.814  1.814  1.814  1.814  1.814  1.814  1.814                  
1.814  1.814  1.814  1.814  1.814  1.814  1.814  1.814  1.814  1.814  1.814  1.814  1.814                  
1.814  1.814  1.814  1.814  1.814  1.814  1.814  1.814  1.814  1.814  1.814  1.814  1.814                  
1.814  1.814  1.814  1.814  1.814  1.814  1.814  1.814  1.814  1.814  1.814  1.814  1.814                  
1.814  1.814  1.814  1.814  1.814  1.814  1.814  1.814  1.814  1.814  1.814  1.814  1.814                  
1.814  1.814  1.814  1.814  1.814  1.814  1.814  1.814  1.814  1.814  1.814  1.814  1.814                  
1.814  1.814  1.814  1.814  1.814  1.814  1.814  1.814  1.814  1.814  1.814  1.814  1.814                  
1.814  1.814  1.814  1.814  1.814  1.814  1.814  1.814  1.814  1.814  1.814  1.814  1.814                  
1.814  1.814  1.814  1.814  1.814  1.814  1.814  1.814  1.814  1.814  1.814  1.814  1.814                  
1.814  1.814  1.814  1.814  1.814  1.814  1.814  1.814  1.814  1.814  1.814  1.814  1.814                  
1.814  1.814  1.814  1.814  1.814  1.814  1.814  1.814  1.814  1.814  1.814  1.814  1.814                  
1.814  1.814  1.814  1.814  1.814  1.814  1.814  1.814  1.814  1.814  1.814  1.814  1.814                  
1.814  1.814  1.814  1.814  1.814  1.814  1.814  1.814  1.814  1.814  1.814  1.814  1.814                  
1.814  1.814  1.814  1.814  1.814  1.814  1.814  1.814  1.814  1.814  1.814  1.814  1.814                  
1.814  1.814  1.814  1.814  1.814  1.814  1.814  1.814  1.814  1.814  1.814  1.814  1.814                  
1.814  1.814  1.814  1.814  1.814  1.814  1.814  1.814  1.814  1.814  1.814  1.814  1.814                  
1.814  1.814  1.814  1.814  1.814  1.814  1.814  1.814  1.814  1.814  1.814  1.814  1.814                  
1.814  1.814  1.814  1.814  1.814  1.814  1.814  1.814  1.814  1.814  1.814  1.814  1.814                  
1.814  1.814  1.814  1.814  1.814  1.814  1.814  1.814  1.814  1.814  1.814  1.814  1.814                  
1.814  1.814  1.814  1.814  1.814  1.814  1.814  1.814  1.814  1.814  1.814  1.814  1.814                  
1.814  1.814  1.814  1.814  1.814  1.814  1.814  1.814  1.814  1.814  1.814  1.814  1.814                  
1.814  1.814  1.814  1.814  1.814  1.814  1.814  1.814  1.814  1.814  1.814  1.814  1.814                  
1.814  1.814  1.814  1.814  1.814  1.814  1.814  1.814  1.814  1.814  1.814  1.814  1.814                  
1.814  1.814  1.814  1.814  1.814  1.814  1.814  1.814  1.814  1.814  1.814  1.814  1.814                  
1.814  1.814  1.814  1.814  1.814  1.814  1.814  1.814  1.814  1.814  1.814  1.814  1.814                  
1.814  1.814  1.814  1.814  1.814  1.814  1.814  1.814  1.814  1.814  1.814  1.814  1.814                  
1.814  1.814  1.814  1.814  1.814  1.814  1.814  1.814  1.814  1.814  1.814  1.814  1.814                  
1.814  1.814  1.814  1.814  1.814  1.814  1.814  1.814  1.814  1.814  1.814  1.814  1.814                  
1.814  1.814  1.814  1.814  1.814  1.814  1.814  1.814  1.814  1.814  1.814  1.814  1.814                  
1.814  1.814  1.814  1.814  1.814  1.814  1.814  1.814  1.814  1.814  1.814  1.814  1.814                  
1.814  1.814  1.814  1.814  1.814  1.814  1.814  1.814  1.814  1.814  1.814  1.814  1.814                  
1.814  1.814  1.814  1.814  1.814  1.814  1.814  1.814  1.814  1.814  1.814  1.814  1.814                  
1.814  1.814  1.814  1.814  1.814  1.814  1.814  1.814  1.814  1.814  1.814  1.814  1.814                  
1.814  1.814  1.814  1.814  1.814  1.814  1.814  1.814  1.814  1.814  1.814  1.814  1.814                  
1.814  1.814  1.814  1.814  1.814  1.814  1.814  1.814  1.814  1.814  1.814  1.814  1.814                  
1.814  1.814  1.814  1.814  1.814  1.814  1.814  1.814  1.814  1.814  1.814  1.814  1.814                  
1.814  1.814  1.814  1.814  1.814  1.814  1.814  1.814  1.814  1.814  1.814  1.814  1.814                  
1.814  1.814  1.814  1.814  1.814  1.814  1.814  1.814  1.814  1.814  1.814  1.814  1.814                  
1.814  1.814  1.814  1.814  1.814  1.814  1.814  1.814  1.814  1.814  1.814  1.814  1.814                  
1.814  1.814  1.814  1.814  1.814  1.814  1.814  1.814  1.814  1.814  1.814  1.814  1.814                  
1.814  1.814  1.814  1.814  1.814  1.814  1.814  1.814  1.814  1.814  1.814  1.814  1.814                  
1.814  1.814  1.814  1.814  1.814  1.814  1.814  1.814  1.814  1.814  1.814  1.814  1.814                  
1.814  1.814  1.814  1.814  1.814  1.814  1.814  1.814  1.814  1.814  1.814  1.814  1.814                  
1.814  1.814  1.814  1.814  1.814  1.814  1.814  1.814  1.814  1.814  1.814  1.814  1.814                  
1.814  1.814  1.814  1.814  1.814  1.814  1.814  1.814  1.814  1.814  1.814  1.814  1.814                  
1.814  1.814  1.814  1.814  1.814  1.814  1.814  1.814  1.814  1.814  1.814  1.814  1.814                  
1.814  1.814  1.814  1.814  1.814  1.814  1.814  1.814  1.814  1.814  1.814  1.814  1.814                  
1.814  1.814  1.814  1.814  1.814  1.814  1.814  1.814  1.814  1.814  1.814  1.814  1.814                  
1.814  1.814  1.814  1.814  1.814  1.814  1.814  1.814  1.814  1.814  1.814  1.814  1.814                  
1.814  1.814  1.814  1.814  1.814  1.814  1.814  1.814  1.814  1.814  1.814  1.814  1.814                  
1.814  1.814  1.814  1.814  1.814  1.814  1.814  1.814  1.814  1.814  1.814  1.814  1.814                  
1.814  1.814  1.814  1.814  1.814  1.814  1.814  1.814  1.814  1.814  1.814  1.814  1.814                  
1.814  1.814  1.814  1.814  1.814  1.814  1.814  1.814  1.814  1.814  1.814  1.814  1.814                  
1.814  1.814  1.814  1.814  1.814  1.814  1.814  1.814  1.814  1.814  1.814  1.814  1.814                  
1.814  1.814  1.814  1.814  1.814  1.814  1.814  1.814  1.814  1.814  1.814  1.814  1.814                  
1.814  1.814  1.814  1.814  1.814  1.814  1.814  1.814  1.814  1.814  1.814  1.814  1.814                  
1.814  1.814  1.814  1.814  1.814  1.814  1.814  1.814  1.814  1.814  1.814  1.814  1.814                  
1.814  1.814  1.814  1.814  1.814  1.814  1.814  1.814  1.814  1.814  1.814  1.814  1.814                  
1.814  1.814  1.814  1.814  1.814  1.814  1.814  1.814  1.814  1.814  1.814  1.814  1.814                  
1.814  1.814  1.814  1.814  1.814  1.814  1.814  1.814  1.814  1.814  1.814  1.814  1.814                  
1.814  1.814  1.814  1.814  1.814  1.814  1.814  1.814  1.814  1.814  1.814  1.814  1.814                  
1.814  1.814  1.814  1.814  1.814  1.814  1.814  1.814  1.814  1.814  1.814  1.814  1.814                  
1.814  1.814  1.814  1.814  1.814  1.814  1.814  1.814  1.814  1.814  1.814  1.814  1.814                  
1.814  1.814  1.814  1.814  1.814  1.814  1.814  1.814  1.814  1.814  1.814  1.814  1.814                  
1.814  1.814  1.814  1.814  1.814  1.814  1.814  1.814  1.814  1.814  1.814  1.814  1.814                  
1.814  1.814  1.814  1.814  1.814  1.814  1.814  1.814  1.814  1.814  1.814  1.814  1.814                  
1.814  1.814  1.814  1.814  1.814  1.814  1.814  1.814  1.814  1.814  1.814  1.814  1.814                  
1.814  1.814  1.814  1.814  1.814  1.814  1.814  1.814  1.814  1.814  1.814  1.814  1.814                  
1.814  1.814  1.814  1.814  1.814  1.814  1.814  1.814  1.814  1.814  1.814  1.814  1.814                  
1.814  1.814  1.814  1.814  1.814  1.814  1.814  1.814  1.814  1.814  1.814  1.814  1.814                  
1.814  1.814  1.814  1.814  1.814  1.814  1.814  1.814  1.814  1.814  1.814  1.814  1.814                  
1.814  1.814  1.814  1.814  1.814  1.814  1.814  1.814  1.814  1.814  1.814  1.814  1.814                  
1.814  1.814  1.814  1.814  1.814  1.814  1.814  1.814  1.814  1.814  1.814  1.814  1.814                  
1.814  1.814  1.814  1.814  1.814  1.814  1.814  1.814  1.814  1.814  1.814  1.814  1.814                  
1.814  1.814  1.814  1.814  1.814  1.814  1.814  1.814  1.814  1.814  1.814  1.814  1.814                  
1.814  1.814  1.814  1.814  1.814  1.814  1.814  1.814  1.814  1.814  1.814  1.814  1.814                  
1.814  1.814  1.814  1.814  1.814  1.814  1.814  1.814  1.814  1.814  1.814  1.814  1.814                  
1.814  1.814  1.814  1.814  1.814  1.814  1.814  1.814  1.814  1.814  1.814  1.814  1.814                  
1.814  1.814  1.814  1.814  1.814  1.814  1.814  1.814  1.814  1.814  1.814  1.814  1.814                  
1.814  1.814  1.814  1.814  1.814  1.814  1.814  1.814  1.814  1.814  1.814  1.814  1.814                  
1.814  1.814  1.814  1.814  1.814  1.814  1.814  1.814  1.814  1.814  1.814  1.814  1.814                  
1.814  1.814  1.814  1.814  1.814  1.814  1.814  1.814  1.814  1.814  1.814  1.814  1.814                  
1.814  1.814  1.814  1.814  1.814  1.814  1.814  1.814  1.814  1.814  1.814  1.814  1.814                  
1.814  1.814  1.814  1.814  1.814  1.814  1.814  1.814  1.814  1.814  1.814  1.814  1.814                  
1.814  1.814  1.814  1.814  1.814  1.814  1.814  1.814  1.814  1.814  1.814  1.814  1.814                  
1.814  1.814  1.814  1.814  1.814  1.814  1.814  1.814  1.814  1.814  1.814  1.814  1.814                  
1.814  1.814  1.814  1.814  1.814  1.814  1.814  1.814  1.814  1.814  1.814  1.814  1.814                  
1.814  1.814  1.814  1.814  1.814  1.814  1.814  1.814  1.814  1.814  1.814  1.814  1.814                  
1.814  1.814  1.814  1.814  1.814  1.814  1.814  1.814  1.814  1.814  1.814  1.814  1.814                  
1.814  1.814  1.814  1.814  1.814  1.814  1.814  1.814  1.814  1.814  1.814  1.814  1.814                  
1.814  1.814  1.814  1.814  1.814  1.814  1.814  1.814  1.814  1.814  1.814  1.814  1.814                  
1.814  1.814  1.814  1.814  1.814  1.814  1.814  1.814  1.814  1.814  1.814  1.814  1.814                  
1.814  1.814  1.814  1.814  1.814  1.814  1.814  1.814  1.814  1.814  1.814  1.814  1.814                  
1.814  1.814  1.814  1.814  1.814  1.814  1.814  1.814  1.814  1.814  1.814  1.814  1.814                  
1.814  1.814  1.814  1.814  1.814  1.814  1.814  1.814  1.814  1.814  1.814  1.814  1.814                  
1.814  1.814  1.814  1.814  1.814  1.814  1.814  1.814  1.814  1.814  1.814  1.814  1.814                  
1.814  1.814  1.814  1.814  1.814  1.814  1.814  1.814  1.814  1.814  1.814  1.814  1.814                  
1.814  1.814  1.814  1.814  1.814  1.814  1.814  1.814  1.814  1.814  1.814  1.814  1.814                  
1.814  1.814  1.814  1.814  1.814  1.814  1.814  1.814  1.814  1.814  1.814  1.814  1.814                  
1.814  1.814  1.814  1.814  1.814  1.814  1.814  1.814  1.814  1.814  1.814  1.814  1.814                  
1.814  1.814  1.814  1.814  1.814  1.814  1.814  1.814  1.814  1.814  1.814  1.814  1.814                  
1.814  1.814  1.814  1.814  1.814  1.814  1.814  1.814  1.814  1.814  1.814  1.814  1.814                  
1.814  1.814  1.814  1.814  1.814  1.814  1.814  1.814  1.814  1.814  1.814  1.814  1.814                  
1.814  1.814  1.814  1.814  1.814  1.814  1.814  1.814  1.814  1.814  1.814  1.814  1.814                  
1.814  1.814  1.814  1.814  1.814  1.814  1.814  1.814  1.814  1.814  1.814  1.814  1.814                  
1.814  1.814  1.814  1.814  1.814  1.814  1.814  1.814  1.814  1.814  1.814  1.814  1.814                  
1.814  1.814  1.814  1.814  1.814  1.814  1.814  1.814  1.814  1.814  1.814  1.814  1.814                  
1.814  1.814  1.814  1.814  1.814  1.814  1.814  1.814  1.814  1.814  1.814  1.814  1.814                  
1.814  1.814  1.814  1.814  1.814  1.814  1.814  1.814  1.814  1.814  1.814  1.814  1.814                  
1.814  1.814  1.814  1.814  1.814  1.814  1.814  1.814  1.814  1.814  1.814  1.814  1.814                  
1.814  1.814  1.814  1.814  1.814  1.814  1.814  1.814  1.814  1.814  1.814  1.814  1.814                  
1.814  1.814  1.814  1.814  1.814  1.814  1.814  1.814  1.814  1.814  1.814  1.814  1.814                  
1.814  1.814  1.814  1.814  1.814  1.814  1.814  1.814  1.814  1.814  1.814  1.814  1.814                  
1.814  1.814  1.814  1.814  1.814  1.814  1.814  1.814  1.814  1.814  1.814  1.814  1.814                  
1.814  1.814  1.814  1.814  1.814  1.814  1.814  1.814  1.814  1.814  1.814  1.814  1.814                  
1.814  1.814  1.814  1.814  1.814  1.814  1.814  1.814  1.814  1.814  1.814  1.814  1.814                  
1.814  1.814  1.814  1.814  1.814  1.814  1.814  1.814  1.814  1.814  1.814  1.814  1.814                  
1.814  1.814  1.814  1.814  1.814  1.814  1.814  1.814  1.814  1.814  1.814  1.814  1.814                  
1.814  1.814  1.814  1.814  1.814  1.814  1.814  1.814  1.814  1.814  1.814  1.814  1.814                  
1.814  1.814  1.814  1.814  1.814  1.814  1.814  1.814  1.814  1.814  1.814  1.814  1.814                  
1.814  1.814  1.814  1.814  1.814  1.814  1.814  1.814  1.814  1.814  1.814  1.814  1.814                  
1.814  1.814  1.814  1.814  1.814  1.814  1.814  1.814  1.814  1.814  1.814  1.814  1.814                  
1.814  1.814  1.814  1.814  1.814  1.814  1.814  1.814  1.814  1.814  1.814  1.814  1.814                  
1.814  1.814  1.814  1.814  1.814  1.814  1.814  1.814  1.814  1.814  1.814  1.814  1.814                  
1.814  1.814  1.814  1.814  1.814  1.814  1.814  1.814  1.814  1.814  1.814  1.814  1.814                  
1.814  1.814  1.814  1.814  1.814  1.814  1.814  1.814  1.814  1.814  1.814  1.814  1.814                  
1.814  1.814  1.814  1.814  1.814  1.814  1.814  1.814  1.814  1.814  1.814  1.814  1.814                  
1.814  1.814  1.814  1.814  1.814  1.814  1.814  1.814  1.814  1.814  1.814  1.814  1.814                  
1.814  1.814  1.814  1.814  1.814  1.814  1.814  1.814  1.814  1.814  1.814  1.814  1.814                  
1.814  1.814  1.814  1.814  1.814  1.814  1.814  1.814  1.814  1.814  1.814  1.814  1.814                  
1.814  1.814  1.814  1.814  1.814  1.814  1.814  1.814  1.814  1.814  1.814  1.814  1.814                  
1.814  1.814  1.814  1.814  1.814  1.814  1.814  1.814  1.814  1.814  1.814  1.814  1.814                  
1.814  1.814  1.814  1.814  1.814  1.814  1.814  1.814  1.814  1.814  1.814  1.814  1.814                  
1.814  1.814  1.814  1.814  1.814  1.814  1.814  1.814  1.814  1.814  1.814  1.814  1.814                  
1.814  1.814  1.814  1.814  1.814  1.814  1.814  1.814  1.814  1.814  1.814  1.814  1.814                  
1.814  1.814  1.814  1.814  1.814  1.814  1.814  1.814  1.814  1.814  1.814  1.814  1.814                  
1.814  1.814  1.814  1.814  1.814  1.814  1.814  1.814  1.814  1.814  1.814  1.814  1.814                  
1.814  1.814  1.814  1.814  1.814  1.814  1.814  1.814  1.814  1.814  1.814  1.814  1.814                  
1.814  1.814  1.814  1.814  1.814  1.814  1.814  1.814  1.814  1.814  1.814  1.814  1.814                  
1.814  1.814  1.814  1.814  1.814  1.814  1.814  1.814  1.814  1.814  1.814  1.814  1.814                  
1.814  1.814  1.814  1.814  1.814  1.814  1.814  1.814  1.814  1.814  1.814  1.814  1.814                  
1.814  1.814  1.814  1.814  1.814  1.814  1.814  1.814  1.814  1.814  1.814  1.814  1.814                  
1.814  1.814  1.814  1.814  1.814  1.814  1.814  1.814  1.814  1.814  1.814  1.814  1.814                  
1.814  1.814  1.814  1.814  1.814  1.814  1.814  1.814  1.814  1.814  1.814  1.814  1.814                  
1.814  1.814  1.814  1.814  1.814  1.814  1.814  1.814  1.814  1.814  1.814  1.814  1.814                  
1.814  1.814  1.814  1.814  1.814  1.814  1.814  1.814  1.814  1.814  1.814  1.814  1.814                  
1.814  1.814  1.814  1.814  1.814  1.814  1.814  1.814  1.814  1.814  1.814  1.814  1.814                  
1.814  1.814  1.814  1.814  1.814  1.814  1.814  1.814  1.814  1.814  1.814  1.814  1.814                  
1.814  1.814  1.814  1.814  1.814  1.814  1.814  1.814  1.814  1.814  1.814  1.814  1.814                  
1.814  1.814  1.814  1.814  1.814  1.814  1.814  1.814  1.814  1.814  1.814  1.814  1.814                  
1.814  1.814  1.814  1.814  1.814  1.814  1.814  1.814  1.814  1.814  1.814  1.814  1.814                  
1.814  1.814  1.814  1.814  1.814  1.814  1.814  1.814  1.814  1.814  1.814  1.814  1.814                  
1.814  1.814  1.814  1.814  1.814  1.814  1.814  1.814  1.814  1.814  1.814  1.814  1.814                  
1.814  1.814  1.814  1.814  1.814  1.814  1.814  1.814  1.814  1.814  1.814  1.814  1.814                  
1.814  1.814  1.814  1.814  1.814  1.814  1.814  1.814  1.814  1.814  1.814  1.814  1.814                  
1.814  1.814  1.814  1.814  1.814  1.814  1.814  1.814  1.814  1.814  1.814  1.814  1.814                  
1.814  1.814  1.814  1.814  1.814  1.814  1.814  1.814  1.814  1.814  1.814  1.814  1.814                  
1.814  1.814  1.814  1.814  1.814  1.814  1.814  1.814  1.814  1.814  1.814  1.814  1.814                  
1.814  1.814  1.814  1.814  1.814  1.814  1.814  1.814  1.814  1.814  1.814  1.814  1.814                  
1.814  1.814  1.814  1.814  1.814  1.814  1.814  1.814  1.814  1.814  1.814  1.814  1.814                  
1.814  1.814  1.814  1.814  1.814  1.814  1.814  1.814  1.814  1.814  1.814  1.814  1.814                  
1.814  1.814  1.814  1.814  1.814  1.814  1.814  1.814  1.814  1.814  1.814  1.814  1.814                  
1.814  1.814  1.814  1.814  1.814  1.814  1.814  1.814  1.814  1.814  1.814  1.814  1.814                  
1.814  1.814  1.814  1.814  1.814  1.814  1.814  1.814  1.814  1.814  1.814  1.814  1.814                  
1.814  1.814  1.814  1.814  1.814  1.814  1.814  1.814  1.814  1.814  1.814  1.814  1.814                  
1.814  1.814  1.814  1.814  1.814  1.814  1.814  1.814  1.814  1.814  1.814  1.814  1.814                  
1.814  1.814  1.814  1.814  1.814  1.814  1.814  1.814  1.814  1.814  1.814  1.814  1.814                  
1.814  1.814  1.814  1.814  1.814  1.814  1.814  1.814  1.814  1.814  1.814  1.814  1.814                  
1.814  1.814  1.814  1.814  1.814  1.814  1.814  1.814  1.814  1.814  1.814  1.814  1.814                  
1.814  1.814  1.814  1.814  1.814  1.814  1.814  1.814  1.814  1.814  1.814  1.814  1.814                  
1.814  1.814  1.814  1.814  1.814  1.814  1.814  1.814  1.814  1.814  1.814  1.814  1.814                  
1.814  1.814  1.814  1.814  1.814  1.814  1.814  1.814  1.814  1.814  1.814  1.814  1.814                  
1.814  1.814  1.814  1.814  1.814  1.814  1.814  1.814  1.814  1.814  1.814  1.814  1.814                  
1.814  1.814  1.814  1.814  1.814  1.814  1.814  1.814  1.814  1.814  1.814  1.814  1.814                  
1.814  1.814  1.814  1.814  1.814  1.814  1.814  1.814  1.814  1.814  1.814  1.814  1.814                  
1.814  1.814  1.814  1.814  1.814  1.814  1.814  1.814  1.814  1.814  1.814  1.814  1.814                  
1.814  1.814  1.814  1.814  1.814  1.814  1.814  1.814  1.814  1.814  1.814  1.814  1.814                  
1.814  1.814  1.814  1.814  1.814  1.814  1.814  1.814  1.814  1.814  1.814  1.814  1.814                  
1.814  1.814  1.814  1.814  1.814  1.814  1.814  1.814  1.814  1.814  1.814  1.814  1.814                  
1.814  1.814  1.814  1.814  1.814  1.814  1.814  1.814  1.814  1.814  1.814  1.814  1.814                  
1.814  1.814  1.814  1.814  1.814  1.814  1.814  1.814  1.814  1.814  1.814  1.814  1.814                  
1.814  1.814  1.814  1.814  1.814  1.814  1.814  1.814  1.814  1.814  1.814  1.814  1.814                  
1.814  1.814  1.814  1.814  1.814  1.814  1.814  1.814  1.814  1.814  1.814  1.814  1.814                  
1.814  1.814  1.814  1.814  1.814  1.814  1.814  1.814  1.814  1.814  1.814  1.814  1.814                  
1.814  1.814  1.814  1.814  1.814  1.814  1.814  1.814  1.814  1.814  1.814  1.814  1.814                  
1.814  1.814  1.814  1.814  1.814  1.814  1.814  1.814  1.814  1.814  1.814  1.814  1.814                  
1.814  1.814  1.814  1.814  1.814  1.814  1.814  1.814  1.814  1.814  1.814  1.814  1.814                  
1.814  1.814  1.814  1.814  1.814  1.814  1.814  1.814  1.814  1.814  1.814  1.814  1.814                  
1.814  1.814  1.814  1.814  1.814  1.814  1.814  1.814  1.814  1.814  1.814  1.814  1.814                  
1.814  1.814  1.814  1.814  1.814  1.814  1.814  1.814  1.814  1.814  1.814  1.814  1.814                  
1.814  1.814  1.814  1.814  1.814  1.814  1.814  1.814  1.814  1.814  1.814  1.814  1.814                  
1.814  1.814  1.814  1.814  1.814  1.814  1.814  1.814  1.814  1.814  1.814  1.814  1.814                  
1.814  1.814  1.814  1.814  1.814  1.814  1.814  1.814  1.814  1.814  1.814  1.814  1.814                  
1.814  1.814  1.814  1.814  1.814  1.814  1.814  1.814  1.814  1.814  1.814  1.814  1.814                  
1.814  1.814  1.814  1.814  1.814  1.814  1.814  1.814  1.814  1.814  1.814  1.814  1.814                  
1.814  1.814  1.814  1.814  1.814  1.814  1.814  1.814  1.814  1.814  1.814  1.814  1.814                  
1.814  1.814  1.814  1.814  1.814  1.814  1.814  1.814  1.814  1.814  1.814  1.814  1.814                  
1.814  1.814  1.814  1.814  1.814  1.814  1.814  1.814  1.814  1.814  1.814  1.814  1.814                  
1.814  1.814  1.814  1.814  1.814  1.814  1.814  1.814  1.814  1.814  1.814  1.814  1.814                  
1.814  1.814  1.814  1.814  1.814  1.814  1.814  1.814  1.814  1.814  1.814  1.814  1.814                  
