1.0 13 21 21
-440.0 -200.0 -160.0 -120.0 -80.0 -40.0 0.0 40.0 80.0 120.0 160.0 200.0 440.0
-740.0 -360.0 -320.0 -280.0 -240.0 -200.0 -160.0 -120.0 -80.0 -40.0 0.0 40.0 80.0 120.0 160.0 200.0 240.0 280.0 320.0 360.0 740.0
-2.0 0.0 10.0 20.0 30.0 40.0 50.0 60.0 70.0 80.0 90.0 100.0 110.0 120.0 130.0 140.0 150.0 160.0 170.0 240.0 1000.0
4.300  4.300  4.300  4.300  4.300  4.300  4.300  4.300  4.300  4.300  4.300  4.300  4.300
4.300  4.300  4.300  4.300  4.300  4.300  4.300  4.300  4.300  4.300  4.300  4.300  4.300
4.300  4.300  4.300  4.300  4.300  4.300  4.300  4.300  4.300  4.300  4.300  4.300  4.300
4.300  4.300  4.300  4.300  4.300  4.300  4.300  4.300  4.300  4.300  4.300  4.300  4.300
4.300  4.300  4.300  4.300  4.300  4.300  4.300  4.300  4.300  4.300  4.300  4.300  4.300
4.300  4.300  4.300  4.300  4.300  4.300  4.300  4.300  4.300  4.300  4.300  4.300  4.300
4.300  4.300  4.300  4.300  4.300  4.300  4.300  4.300  4.300  4.300  4.300  4.300  4.300
4.300  4.300  4.300  4.300  4.300  4.300  4.300  4.300  4.300  4.300  4.300  4.300  4.300
4.300  4.300  4.300  4.300  4.300  4.300  4.300  4.300  4.300  4.300  4.300  4.300  4.300
4.300  4.300  4.300  4.300  4.300  4.300  4.300  4.300  4.300  4.300  4.300  4.300  4.300
4.300  4.300  4.300  4.300  4.300  4.300  4.300  4.300  4.300  4.300  4.300  4.300  4.300
4.300  4.300  4.300  4.300  4.300  4.300  4.300  4.300  4.300  4.300  4.300  4.300  4.300
4.300  4.300  4.300  4.300  4.300  4.300  4.300  4.300  4.300  4.300  4.300  4.300  4.300
4.300  4.300  4.300  4.300  4.300  4.300  4.300  4.300  4.300  4.300  4.300  4.300  4.300
4.300  4.300  4.300  4.300  4.300  4.300  4.300  4.300  4.300  4.300  4.300  4.300  4.300
4.300  4.300  4.300  4.300  4.300  4.300  4.300  4.300  4.300  4.300  4.300  4.300  4.300
4.300  4.300  4.300  4.300  4.300  4.300  4.300  4.300  4.300  4.300  4.300  4.300  4.300
4.300  4.300  4.300  4.300  4.300  4.300  4.300  4.300  4.300  4.300  4.300  4.300  4.300
4.300  4.300  4.300  4.300  4.300  4.300  4.300  4.300  4.300  4.300  4.300  4.300  4.300
4.300  4.300  4.300  4.300  4.300  4.300  4.300  4.300  4.300  4.300  4.300  4.300  4.300
4.300  4.300  4.300  4.300  4.300  4.300  4.300  4.300  4.300  4.300  4.300  4.300  4.300
4.400  4.400  4.400  4.400  4.400  4.400  4.400  4.400  4.400  4.400  4.400  4.400  4.400
4.400  4.400  4.400  4.400  4.400  4.400  4.400  4.400  4.400  4.400  4.400  4.400  4.400
4.400  4.400  4.400  4.400  4.400  4.400  4.400  4.400  4.400  4.400  4.400  4.400  4.400
4.400  4.400  4.400  4.400  4.400  4.400  4.400  4.400  4.400  4.400  4.400  4.400  4.400
4.400  4.400  4.400  4.400  4.400  4.400  4.400  4.400  4.400  4.400  4.400  4.400  4.400
4.400  4.400  4.400  4.400  4.400  4.400  4.400  4.400  4.400  4.400  4.400  4.400  4.400
4.400  4.400  4.400  4.400  4.400  4.400  4.400  4.400  4.400  4.400  4.400  4.400  4.400
4.400  4.400  4.400  4.400  4.400  4.400  4.400  4.400  4.400  4.400  4.400  4.400  4.400
4.400  4.400  4.400  4.400  4.400  4.400  4.400  4.400  4.400  4.400  4.400  4.400  4.400
4.400  4.400  4.400  4.400  4.400  4.400  4.400  4.400  4.400  4.400  4.400  4.400  4.400
4.400  4.400  4.400  4.400  4.400  4.400  4.400  4.400  4.400  4.400  4.400  4.400  4.400
4.400  4.400  4.400  4.400  4.400  4.400  4.400  4.400  4.400  4.400  4.400  4.400  4.400
4.400  4.400  4.400  4.400  4.400  4.400  4.400  4.400  4.400  4.400  4.400  4.400  4.400
4.400  4.400  4.400  4.400  4.400  4.400  4.400  4.400  4.400  4.400  4.400  4.400  4.400
4.400  4.400  4.400  4.400  4.400  4.400  4.400  4.400  4.400  4.400  4.400  4.400  4.400
4.400  4.400  4.400  4.400  4.400  4.400  4.400  4.400  4.400  4.400  4.400  4.400  4.400
4.400  4.400  4.400  4.400  4.400  4.400  4.400  4.400  4.400  4.400  4.400  4.400  4.400
4.400  4.400  4.400  4.400  4.400  4.400  4.400  4.400  4.400  4.400  4.400  4.400  4.400
4.400  4.400  4.400  4.400  4.400  4.400  4.400  4.400  4.400  4.400  4.400  4.400  4.400
4.400  4.400  4.400  4.400  4.400  4.400  4.400  4.400  4.400  4.400  4.400  4.400  4.400
4.400  4.400  4.400  4.400  4.400  4.400  4.400  4.400  4.400  4.400  4.400  4.400  4.400
4.600  4.600  4.600  4.600  4.600  4.600  4.600  4.600  4.600  4.600  4.600  4.600  4.600
4.600  4.600  4.600  4.600  4.600  4.600  4.600  4.600  4.600  4.600  4.600  4.600  4.600
4.600  4.600  4.600  4.600  4.600  4.600  4.600  4.600  4.600  4.600  4.600  4.600  4.600
4.600  4.600  4.600  4.600  4.600  4.600  4.600  4.600  4.600  4.600  4.600  4.600  4.600
4.600  4.600  4.600  4.600  4.600  4.600  4.600  4.600  4.600  4.600  4.600  4.600  4.600
4.600  4.600  4.600  4.600  4.600  4.600  4.600  4.600  4.600  4.600  4.600  4.600  4.600
4.600  4.600  4.600  4.600  4.600  4.600  4.600  4.600  4.600  4.600  4.600  4.600  4.600
4.600  4.600  4.600  4.600  4.600  4.600  4.600  4.600  4.600  4.600  4.600  4.600  4.600
4.600  4.600  4.600  4.600  4.600  4.600  4.600  4.600  4.600  4.600  4.600  4.600  4.600
4.600  4.600  4.600  4.600  4.600  4.600  4.600  4.600  4.600  4.600  4.600  4.600  4.600
4.600  4.600  4.600  4.600  4.600  4.600  4.600  4.600  4.600  4.600  4.600  4.600  4.600
4.600  4.600  4.600  4.600  4.600  4.600  4.600  4.600  4.600  4.600  4.600  4.600  4.600
4.600  4.600  4.600  4.600  4.600  4.600  4.600  4.600  4.600  4.600  4.600  4.600  4.600
4.600  4.600  4.600  4.600  4.600  4.600  4.600  4.600  4.600  4.600  4.600  4.600  4.600
4.600  4.600  4.600  4.600  4.600  4.600  4.600  4.600  4.600  4.600  4.600  4.600  4.600
4.600  4.600  4.600  4.600  4.600  4.600  4.600  4.600  4.600  4.600  4.600  4.600  4.600
4.600  4.600  4.600  4.600  4.600  4.600  4.600  4.600  4.600  4.600  4.600  4.600  4.600
4.600  4.600  4.600  4.600  4.600  4.600  4.600  4.600  4.600  4.600  4.600  4.600  4.600
4.600  4.600  4.600  4.600  4.600  4.600  4.600  4.600  4.600  4.600  4.600  4.600  4.600
4.600  4.600  4.600  4.600  4.600  4.600  4.600  4.600  4.600  4.600  4.600  4.600  4.600
4.600  4.600  4.600  4.600  4.600  4.600  4.600  4.600  4.600  4.600  4.600  4.600  4.600
6.000  6.000  6.000  6.000  6.000  6.000  6.000  6.000  6.000  6.000  6.000  6.000  6.000
6.000  6.000  6.000  6.000  6.000  6.000  6.000  6.000  6.000  6.000  6.000  6.000  6.000
6.000  6.000  6.000  6.000  6.000  6.000  6.000  6.000  6.000  6.000  6.000  6.000  6.000
6.000  6.000  6.000  6.000  6.000  6.000  6.000  6.000  6.000  6.000  6.000  6.000  6.000
6.000  6.000  6.000  6.000  6.000  6.000  6.000  6.000  6.000  6.000  6.000  6.000  6.000
6.000  6.000  6.000  6.000  6.000  6.000  6.000  6.000  6.000  6.000  6.000  6.000  6.000
6.000  6.000  6.000  6.000  6.000  6.000  6.000  6.000  6.000  6.000  6.000  6.000  6.000
6.000  6.000  6.000  6.000  6.000  6.000  6.000  6.000  6.000  6.000  6.000  6.000  6.000
6.000  6.000  6.000  6.000  6.000  6.000  6.000  6.000  6.000  6.000  6.000  6.000  6.000
6.000  6.000  6.000  6.000  6.000  6.000  6.000  6.000  6.000  6.000  6.000  6.000  6.000
6.000  6.000  6.000  6.000  6.000  6.000  6.000  6.000  6.000  6.000  6.000  6.000  6.000
6.000  6.000  6.000  6.000  6.000  6.000  6.000  6.000  6.000  6.000  6.000  6.000  6.000
6.000  6.000  6.000  6.000  6.000  6.000  6.000  6.000  6.000  6.000  6.000  6.000  6.000
6.000  6.000  6.000  6.000  6.000  6.000  6.000  6.000  6.000  6.000  6.000  6.000  6.000
6.000  6.000  6.000  6.000  6.000  6.000  6.000  6.000  6.000  6.000  6.000  6.000  6.000
6.000  6.000  6.000  6.000  6.000  6.000  6.000  6.000  6.000  6.000  6.000  6.000  6.000
6.000  6.000  6.000  6.000  6.000  6.000  6.000  6.000  6.000  6.000  6.000  6.000  6.000
6.000  6.000  6.000  6.000  6.000  6.000  6.000  6.000  6.000  6.000  6.000  6.000  6.000
6.000  6.000  6.000  6.000  6.000  6.000  6.000  6.000  6.000  6.000  6.000  6.000  6.000
6.000  6.000  6.000  6.000  6.000  6.000  6.000  6.000  6.000  6.000  6.000  6.000  6.000
6.000  6.000  6.000  6.000  6.000  6.000  6.000  6.000  6.000  6.000  6.000  6.000  6.000
7.000  7.000  7.000  7.000  7.000  7.000  7.000  7.000  7.000  7.000  7.000  7.000  7.000
7.000  7.000  7.000  7.000  7.000  7.000  7.000  7.000  7.000  7.000  7.000  7.000  7.000
7.000  7.000  7.000  7.000  7.000  7.000  7.000  7.000  7.000  7.000  7.000  7.000  7.000
7.000  7.000  7.000  7.000  7.000  7.000  7.000  7.000  7.000  7.000  7.000  7.000  7.000
7.000  7.000  7.000  7.000  7.000  7.000  7.000  7.000  7.000  7.000  7.000  7.000  7.000
7.000  7.000  7.000  7.000  7.000  7.000  7.000  7.000  7.000  7.000  7.000  7.000  7.000
7.000  7.000  7.000  7.000  7.000  7.000  7.000  7.000  7.000  7.000  7.000  7.000  7.000
7.000  7.000  7.000  7.000  7.000  7.000  7.000  7.000  7.000  7.000  7.000  7.000  7.000
7.000  7.000  7.000  7.000  7.000  7.000  7.000  7.000  7.000  7.000  7.000  7.000  7.000
7.000  7.000  7.000  7.000  7.000  7.000  7.000  7.000  7.000  7.000  7.000  7.000  7.000
7.000  7.000  7.000  7.000  7.000  7.000  7.000  7.000  7.000  7.000  7.000  7.000  7.000
7.000  7.000  7.000  7.000  7.000  7.000  7.000  7.000  7.000  7.000  7.000  7.000  7.000
7.000  7.000  7.000  7.000  7.000  7.000  7.000  7.000  7.000  7.000  7.000  7.000  7.000
7.000  7.000  7.000  7.000  7.000  7.000  7.000  7.000  7.000  7.000  7.000  7.000  7.000
7.000  7.000  7.000  7.000  7.000  7.000  7.000  7.000  7.000  7.000  7.000  7.000  7.000
7.000  7.000  7.000  7.000  7.000  7.000  7.000  7.000  7.000  7.000  7.000  7.000  7.000
7.000  7.000  7.000  7.000  7.000  7.000  7.000  7.000  7.000  7.000  7.000  7.000  7.000
7.000  7.000  7.000  7.000  7.000  7.000  7.000  7.000  7.000  7.000  7.000  7.000  7.000
7.000  7.000  7.000  7.000  7.000  7.000  7.000  7.000  7.000  7.000  7.000  7.000  7.000
7.000  7.000  7.000  7.000  7.000  7.000  7.000  7.000  7.000  7.000  7.000  7.000  7.000
7.000  7.000  7.000  7.000  7.000  7.000  7.000  7.000  7.000  7.000  7.000  7.000  7.000
7.180  7.180  7.180  7.180  7.180  7.180  7.180  7.180  7.180  7.180  7.180  7.180  7.180
7.180  7.180  7.180  7.180  7.180  7.180  7.180  7.180  7.180  7.180  7.180  7.180  7.180
7.180  7.180  7.180  7.180  7.180  7.180  7.180  7.180  7.180  7.180  7.180  7.180  7.180
7.180  7.180  7.180  7.180  7.180  7.180  7.180  7.180  7.180  7.180  7.180  7.180  7.180
7.180  7.180  7.180  7.180  7.180  7.180  7.180  7.180  7.180  7.180  7.180  7.180  7.180
7.180  7.180  7.180  7.180  7.180  7.180  7.180  7.180  7.180  7.180  7.180  7.180  7.180
7.180  7.180  7.180  7.180  7.180  7.180  7.180  7.180  7.180  7.180  7.180  7.180  7.180
7.180  7.180  7.180  7.180  7.180  7.180  7.180  7.180  7.180  7.180  7.180  7.180  7.180
7.180  7.180  7.180  7.180  7.180  7.180  7.180  7.180  7.180  7.180  7.180  7.180  7.180
7.180  7.180  7.180  7.180  7.180  7.180  7.180  7.180  7.180  7.180  7.180  7.180  7.180
7.180  7.180  7.180  7.180  7.180  7.180  7.180  7.180  7.180  7.180  7.180  7.180  7.180
7.180  7.180  7.180  7.180  7.180  7.180  7.180  7.180  7.180  7.180  7.180  7.180  7.180
7.180  7.180  7.180  7.180  7.180  7.180  7.180  7.180  7.180  7.180  7.180  7.180  7.180
7.180  7.180  7.180  7.180  7.180  7.180  7.180  7.180  7.180  7.180  7.180  7.180  7.180
7.180  7.180  7.180  7.180  7.180  7.180  7.180  7.180  7.180  7.180  7.180  7.180  7.180
7.180  7.180  7.180  7.180  7.180  7.180  7.180  7.180  7.180  7.180  7.180  7.180  7.180
7.180  7.180  7.180  7.180  7.180  7.180  7.180  7.180  7.180  7.180  7.180  7.180  7.180
7.180  7.180  7.180  7.180  7.180  7.180  7.180  7.180  7.180  7.180  7.180  7.180  7.180
7.180  7.180  7.180  7.180  7.180  7.180  7.180  7.180  7.180  7.180  7.180  7.180  7.180
7.180  7.180  7.180  7.180  7.180  7.180  7.180  7.180  7.180  7.180  7.180  7.180  7.180
7.180  7.180  7.180  7.180  7.180  7.180  7.180  7.180  7.180  7.180  7.180  7.180  7.180
7.310  7.310  7.310  7.310  7.310  7.310  7.310  7.310  7.310  7.310  7.310  7.310  7.310
7.310  7.310  7.310  7.310  7.310  7.310  7.310  7.310  7.310  7.310  7.310  7.310  7.310
7.310  7.310  7.310  7.310  7.310  7.310  7.310  7.310  7.310  7.310  7.310  7.310  7.310
7.310  7.310  7.310  7.310  7.310  7.310  7.310  7.310  7.310  7.310  7.310  7.310  7.310
7.310  7.310  7.310  7.310  7.310  7.310  7.310  7.310  7.310  7.310  7.310  7.310  7.310
7.310  7.310  7.310  7.310  7.310  7.310  7.310  7.310  7.310  7.310  7.310  7.310  7.310
7.310  7.310  7.310  7.310  7.310  7.310  7.310  7.310  7.310  7.310  7.310  7.310  7.310
7.310  7.310  7.310  7.310  7.310  7.310  7.310  7.310  7.310  7.310  7.310  7.310  7.310
7.310  7.310  7.310  7.310  7.310  7.310  7.310  7.310  7.310  7.310  7.310  7.310  7.310
7.310  7.310  7.310  7.310  7.310  7.310  7.310  7.310  7.310  7.310  7.310  7.310  7.310
7.310  7.310  7.310  7.310  7.310  7.310  7.310  7.310  7.310  7.310  7.310  7.310  7.310
7.310  7.310  7.310  7.310  7.310  7.310  7.310  7.310  7.310  7.310  7.310  7.310  7.310
7.310  7.310  7.310  7.310  7.310  7.310  7.310  7.310  7.310  7.310  7.310  7.310  7.310
7.310  7.310  7.310  7.310  7.310  7.310  7.310  7.310  7.310  7.310  7.310  7.310  7.310
7.310  7.310  7.310  7.310  7.310  7.310  7.310  7.310  7.310  7.310  7.310  7.310  7.310
7.310  7.310  7.310  7.310  7.310  7.310  7.310  7.310  7.310  7.310  7.310  7.310  7.310
7.310  7.310  7.310  7.310  7.310  7.310  7.310  7.310  7.310  7.310  7.310  7.310  7.310
7.310  7.310  7.310  7.310  7.310  7.310  7.310  7.310  7.310  7.310  7.310  7.310  7.310
7.310  7.310  7.310  7.310  7.310  7.310  7.310  7.310  7.310  7.310  7.310  7.310  7.310
7.310  7.310  7.310  7.310  7.310  7.310  7.310  7.310  7.310  7.310  7.310  7.310  7.310
7.310  7.310  7.310  7.310  7.310  7.310  7.310  7.310  7.310  7.310  7.310  7.310  7.310
7.440  7.440  7.440  7.440  7.440  7.440  7.440  7.440  7.440  7.440  7.440  7.440  7.440
7.440  7.440  7.440  7.440  7.440  7.440  7.440  7.440  7.440  7.440  7.440  7.440  7.440
7.440  7.440  7.440  7.440  7.440  7.440  7.440  7.440  7.440  7.440  7.440  7.440  7.440
7.440  7.440  7.440  7.440  7.440  7.440  7.440  7.440  7.440  7.440  7.440  7.440  7.440
7.440  7.440  7.440  7.440  7.440  7.440  7.440  7.440  7.440  7.440  7.440  7.440  7.440
7.440  7.440  7.440  7.440  7.440  7.440  7.440  7.440  7.440  7.440  7.440  7.440  7.440
7.440  7.440  7.440  7.440  7.440  7.440  7.440  7.440  7.440  7.440  7.440  7.440  7.440
7.440  7.440  7.440  7.440  7.440  7.440  7.440  7.440  7.440  7.440  7.440  7.440  7.440
7.440  7.440  7.440  7.440  7.440  7.440  7.440  7.440  7.440  7.440  7.440  7.440  7.440
7.440  7.440  7.440  7.440  7.440  7.440  7.440  7.440  7.440  7.440  7.440  7.440  7.440
7.440  7.440  7.440  7.440  7.440  7.440  7.440  7.440  7.440  7.440  7.440  7.440  7.440
7.440  7.440  7.440  7.440  7.440  7.440  7.440  7.440  7.440  7.440  7.440  7.440  7.440
7.440  7.440  7.440  7.440  7.440  7.440  7.440  7.440  7.440  7.440  7.440  7.440  7.440
7.440  7.440  7.440  7.440  7.440  7.440  7.440  7.440  7.440  7.440  7.440  7.440  7.440
7.440  7.440  7.440  7.440  7.440  7.440  7.440  7.440  7.440  7.440  7.440  7.440  7.440
7.440  7.440  7.440  7.440  7.440  7.440  7.440  7.440  7.440  7.440  7.440  7.440  7.440
7.440  7.440  7.440  7.440  7.440  7.440  7.440  7.440  7.440  7.440  7.440  7.440  7.440
7.440  7.440  7.440  7.440  7.440  7.440  7.440  7.440  7.440  7.440  7.440  7.440  7.440
7.440  7.440  7.440  7.440  7.440  7.440  7.440  7.440  7.440  7.440  7.440  7.440  7.440
7.440  7.440  7.440  7.440  7.440  7.440  7.440  7.440  7.440  7.440  7.440  7.440  7.440
7.440  7.440  7.440  7.440  7.440  7.440  7.440  7.440  7.440  7.440  7.440  7.440  7.440
7.580  7.580  7.580  7.580  7.580  7.580  7.580  7.580  7.580  7.580  7.580  7.580  7.580
7.580  7.580  7.580  7.580  7.580  7.580  7.580  7.580  7.580  7.580  7.580  7.580  7.580
7.580  7.580  7.580  7.580  7.580  7.580  7.580  7.580  7.580  7.580  7.580  7.580  7.580
7.580  7.580  7.580  7.580  7.580  7.580  7.580  7.580  7.580  7.580  7.580  7.580  7.580
7.580  7.580  7.580  7.580  7.580  7.580  7.580  7.580  7.580  7.580  7.580  7.580  7.580
7.580  7.580  7.580  7.580  7.580  7.580  7.580  7.580  7.580  7.580  7.580  7.580  7.580
7.580  7.580  7.580  7.580  7.580  7.580  7.580  7.580  7.580  7.580  7.580  7.580  7.580
7.580  7.580  7.580  7.580  7.580  7.580  7.580  7.580  7.580  7.580  7.580  7.580  7.580
7.580  7.580  7.580  7.580  7.580  7.580  7.580  7.580  7.580  7.580  7.580  7.580  7.580
7.580  7.580  7.580  7.580  7.580  7.580  7.580  7.580  7.580  7.580  7.580  7.580  7.580
7.580  7.580  7.580  7.580  7.580  7.580  7.580  7.580  7.580  7.580  7.580  7.580  7.580
7.580  7.580  7.580  7.580  7.580  7.580  7.580  7.580  7.580  7.580  7.580  7.580  7.580
7.580  7.580  7.580  7.580  7.580  7.580  7.580  7.580  7.580  7.580  7.580  7.580  7.580
7.580  7.580  7.580  7.580  7.580  7.580  7.580  7.580  7.580  7.580  7.580  7.580  7.580
7.580  7.580  7.580  7.580  7.580  7.580  7.580  7.580  7.580  7.580  7.580  7.580  7.580
7.580  7.580  7.580  7.580  7.580  7.580  7.580  7.580  7.580  7.580  7.580  7.580  7.580
7.580  7.580  7.580  7.580  7.580  7.580  7.580  7.580  7.580  7.580  7.580  7.580  7.580
7.580  7.580  7.580  7.580  7.580  7.580  7.580  7.580  7.580  7.580  7.580  7.580  7.580
7.580  7.580  7.580  7.580  7.580  7.580  7.580  7.580  7.580  7.580  7.580  7.580  7.580
7.580  7.580  7.580  7.580  7.580  7.580  7.580  7.580  7.580  7.580  7.580  7.580  7.580
7.580  7.580  7.580  7.580  7.580  7.580  7.580  7.580  7.580  7.580  7.580  7.580  7.580
7.710  7.710  7.710  7.710  7.710  7.710  7.710  7.710  7.710  7.710  7.710  7.710  7.710
7.710  7.710  7.710  7.710  7.710  7.710  7.710  7.710  7.710  7.710  7.710  7.710  7.710
7.710  7.710  7.710  7.710  7.710  7.710  7.710  7.710  7.710  7.710  7.710  7.710  7.710
7.710  7.710  7.710  7.710  7.710  7.710  7.710  7.710  7.710  7.710  7.710  7.710  7.710
7.710  7.710  7.710  7.710  7.710  7.710  7.710  7.710  7.710  7.710  7.710  7.710  7.710
7.710  7.710  7.710  7.710  7.710  7.710  7.710  7.710  7.710  7.710  7.710  7.710  7.710
7.710  7.710  7.710  7.710  7.710  7.710  7.710  7.710  7.710  7.710  7.710  7.710  7.710
7.710  7.710  7.710  7.710  7.710  7.710  7.710  7.710  7.710  7.710  7.710  7.710  7.710
7.710  7.710  7.710  7.710  7.710  7.710  7.710  7.710  7.710  7.710  7.710  7.710  7.710
7.710  7.710  7.710  7.710  7.710  7.710  7.710  7.710  7.710  7.710  7.710  7.710  7.710
7.710  7.710  7.710  7.710  7.710  7.710  7.710  7.710  7.710  7.710  7.710  7.710  7.710
7.710  7.710  7.710  7.710  7.710  7.710  7.710  7.710  7.710  7.710  7.710  7.710  7.710
7.710  7.710  7.710  7.710  7.710  7.710  7.710  7.710  7.710  7.710  7.710  7.710  7.710
7.710  7.710  7.710  7.710  7.710  7.710  7.710  7.710  7.710  7.710  7.710  7.710  7.710
7.710  7.710  7.710  7.710  7.710  7.710  7.710  7.710  7.710  7.710  7.710  7.710  7.710
7.710  7.710  7.710  7.710  7.710  7.710  7.710  7.710  7.710  7.710  7.710  7.710  7.710
7.710  7.710  7.710  7.710  7.710  7.710  7.710  7.710  7.710  7.710  7.710  7.710  7.710
7.710  7.710  7.710  7.710  7.710  7.710  7.710  7.710  7.710  7.710  7.710  7.710  7.710
7.710  7.710  7.710  7.710  7.710  7.710  7.710  7.710  7.710  7.710  7.710  7.710  7.710
7.710  7.710  7.710  7.710  7.710  7.710  7.710  7.710  7.710  7.710  7.710  7.710  7.710
7.710  7.710  7.710  7.710  7.710  7.710  7.710  7.710  7.710  7.710  7.710  7.710  7.710
7.820  7.820  7.820  7.820  7.820  7.820  7.820  7.820  7.820  7.820  7.820  7.820  7.820
7.820  7.820  7.820  7.820  7.820  7.820  7.820  7.820  7.820  7.820  7.820  7.820  7.820
7.820  7.820  7.820  7.820  7.820  7.820  7.820  7.820  7.820  7.820  7.820  7.820  7.820
7.820  7.820  7.820  7.820  7.820  7.820  7.820  7.820  7.820  7.820  7.820  7.820  7.820
7.820  7.820  7.820  7.820  7.820  7.820  7.820  7.820  7.820  7.820  7.820  7.820  7.820
7.820  7.820  7.820  7.820  7.820  7.820  7.820  7.820  7.820  7.820  7.820  7.820  7.820
7.820  7.820  7.820  7.820  7.820  7.820  7.820  7.820  7.820  7.820  7.820  7.820  7.820
7.820  7.820  7.820  7.820  7.820  7.820  7.820  7.820  7.820  7.820  7.820  7.820  7.820
7.820  7.820  7.820  7.820  7.820  7.820  7.820  7.820  7.820  7.820  7.820  7.820  7.820
7.820  7.820  7.820  7.820  7.820  7.820  7.820  7.820  7.820  7.820  7.820  7.820  7.820
7.820  7.820  7.820  7.820  7.820  7.820  7.820  7.820  7.820  7.820  7.820  7.820  7.820
7.820  7.820  7.820  7.820  7.820  7.820  7.820  7.820  7.820  7.820  7.820  7.820  7.820
7.820  7.820  7.820  7.820  7.820  7.820  7.820  7.820  7.820  7.820  7.820  7.820  7.820
7.820  7.820  7.820  7.820  7.820  7.820  7.820  7.820  7.820  7.820  7.820  7.820  7.820
7.820  7.820  7.820  7.820  7.820  7.820  7.820  7.820  7.820  7.820  7.820  7.820  7.820
7.820  7.820  7.820  7.820  7.820  7.820  7.820  7.820  7.820  7.820  7.820  7.820  7.820
7.820  7.820  7.820  7.820  7.820  7.820  7.820  7.820  7.820  7.820  7.820  7.820  7.820
7.820  7.820  7.820  7.820  7.820  7.820  7.820  7.820  7.820  7.820  7.820  7.820  7.820
7.820  7.820  7.820  7.820  7.820  7.820  7.820  7.820  7.820  7.820  7.820  7.820  7.820
7.820  7.820  7.820  7.820  7.820  7.820  7.820  7.820  7.820  7.820  7.820  7.820  7.820
7.820  7.820  7.820  7.820  7.820  7.820  7.820  7.820  7.820  7.820  7.820  7.820  7.820
7.880  7.880  7.880  7.880  7.880  7.880  7.880  7.880  7.880  7.880  7.880  7.880  7.880
7.880  7.880  7.880  7.880  7.880  7.880  7.880  7.880  7.880  7.880  7.880  7.880  7.880
7.880  7.880  7.880  7.880  7.880  7.880  7.880  7.880  7.880  7.880  7.880  7.880  7.880
7.880  7.880  7.880  7.880  7.880  7.880  7.880  7.880  7.880  7.880  7.880  7.880  7.880
7.880  7.880  7.880  7.880  7.880  7.880  7.880  7.880  7.880  7.880  7.880  7.880  7.880
7.880  7.880  7.880  7.880  7.880  7.880  7.880  7.880  7.880  7.880  7.880  7.880  7.880
7.880  7.880  7.880  7.880  7.880  7.880  7.880  7.880  7.880  7.880  7.880  7.880  7.880
7.880  7.880  7.880  7.880  7.880  7.880  7.880  7.880  7.880  7.880  7.880  7.880  7.880
7.880  7.880  7.880  7.880  7.880  7.880  7.880  7.880  7.880  7.880  7.880  7.880  7.880
7.880  7.880  7.880  7.880  7.880  7.880  7.880  7.880  7.880  7.880  7.880  7.880  7.880
7.880  7.880  7.880  7.880  7.880  7.880  7.880  7.880  7.880  7.880  7.880  7.880  7.880
7.880  7.880  7.880  7.880  7.880  7.880  7.880  7.880  7.880  7.880  7.880  7.880  7.880
7.880  7.880  7.880  7.880  7.880  7.880  7.880  7.880  7.880  7.880  7.880  7.880  7.880
7.880  7.880  7.880  7.880  7.880  7.880  7.880  7.880  7.880  7.880  7.880  7.880  7.880
7.880  7.880  7.880  7.880  7.880  7.880  7.880  7.880  7.880  7.880  7.880  7.880  7.880
7.880  7.880  7.880  7.880  7.880  7.880  7.880  7.880  7.880  7.880  7.880  7.880  7.880
7.880  7.880  7.880  7.880  7.880  7.880  7.880  7.880  7.880  7.880  7.880  7.880  7.880
7.880  7.880  7.880  7.880  7.880  7.880  7.880  7.880  7.880  7.880  7.880  7.880  7.880
7.880  7.880  7.880  7.880  7.880  7.880  7.880  7.880  7.880  7.880  7.880  7.880  7.880
7.880  7.880  7.880  7.880  7.880  7.880  7.880  7.880  7.880  7.880  7.880  7.880  7.880
7.880  7.880  7.880  7.880  7.880  7.880  7.880  7.880  7.880  7.880  7.880  7.880  7.880
7.930  7.930  7.930  7.930  7.930  7.930  7.930  7.930  7.930  7.930  7.930  7.930  7.930
7.930  7.930  7.930  7.930  7.930  7.930  7.930  7.930  7.930  7.930  7.930  7.930  7.930
7.930  7.930  7.930  7.930  7.930  7.930  7.930  7.930  7.930  7.930  7.930  7.930  7.930
7.930  7.930  7.930  7.930  7.930  7.930  7.930  7.930  7.930  7.930  7.930  7.930  7.930
7.930  7.930  7.930  7.930  7.930  7.930  7.930  7.930  7.930  7.930  7.930  7.930  7.930
7.930  7.930  7.930  7.930  7.930  7.930  7.930  7.930  7.930  7.930  7.930  7.930  7.930
7.930  7.930  7.930  7.930  7.930  7.930  7.930  7.930  7.930  7.930  7.930  7.930  7.930
7.930  7.930  7.930  7.930  7.930  7.930  7.930  7.930  7.930  7.930  7.930  7.930  7.930
7.930  7.930  7.930  7.930  7.930  7.930  7.930  7.930  7.930  7.930  7.930  7.930  7.930
7.930  7.930  7.930  7.930  7.930  7.930  7.930  7.930  7.930  7.930  7.930  7.930  7.930
7.930  7.930  7.930  7.930  7.930  7.930  7.930  7.930  7.930  7.930  7.930  7.930  7.930
7.930  7.930  7.930  7.930  7.930  7.930  7.930  7.930  7.930  7.930  7.930  7.930  7.930
7.930  7.930  7.930  7.930  7.930  7.930  7.930  7.930  7.930  7.930  7.930  7.930  7.930
7.930  7.930  7.930  7.930  7.930  7.930  7.930  7.930  7.930  7.930  7.930  7.930  7.930
7.930  7.930  7.930  7.930  7.930  7.930  7.930  7.930  7.930  7.930  7.930  7.930  7.930
7.930  7.930  7.930  7.930  7.930  7.930  7.930  7.930  7.930  7.930  7.930  7.930  7.930
7.930  7.930  7.930  7.930  7.930  7.930  7.930  7.930  7.930  7.930  7.930  7.930  7.930
7.930  7.930  7.930  7.930  7.930  7.930  7.930  7.930  7.930  7.930  7.930  7.930  7.930
7.930  7.930  7.930  7.930  7.930  7.930  7.930  7.930  7.930  7.930  7.930  7.930  7.930
7.930  7.930  7.930  7.930  7.930  7.930  7.930  7.930  7.930  7.930  7.930  7.930  7.930
7.930  7.930  7.930  7.930  7.930  7.930  7.930  7.930  7.930  7.930  7.930  7.930  7.930
7.990  7.990  7.990  7.990  7.990  7.990  7.990  7.990  7.990  7.990  7.990  7.990  7.990
7.990  7.990  7.990  7.990  7.990  7.990  7.990  7.990  7.990  7.990  7.990  7.990  7.990
7.990  7.990  7.990  7.990  7.990  7.990  7.990  7.990  7.990  7.990  7.990  7.990  7.990
7.990  7.990  7.990  7.990  7.990  7.990  7.990  7.990  7.990  7.990  7.990  7.990  7.990
7.990  7.990  7.990  7.990  7.990  7.990  7.990  7.990  7.990  7.990  7.990  7.990  7.990
7.990  7.990  7.990  7.990  7.990  7.990  7.990  7.990  7.990  7.990  7.990  7.990  7.990
7.990  7.990  7.990  7.990  7.990  7.990  7.990  7.990  7.990  7.990  7.990  7.990  7.990
7.990  7.990  7.990  7.990  7.990  7.990  7.990  7.990  7.990  7.990  7.990  7.990  7.990
7.990  7.990  7.990  7.990  7.990  7.990  7.990  7.990  7.990  7.990  7.990  7.990  7.990
7.990  7.990  7.990  7.990  7.990  7.990  7.990  7.990  7.990  7.990  7.990  7.990  7.990
7.990  7.990  7.990  7.990  7.990  7.990  7.990  7.990  7.990  7.990  7.990  7.990  7.990
7.990  7.990  7.990  7.990  7.990  7.990  7.990  7.990  7.990  7.990  7.990  7.990  7.990
7.990  7.990  7.990  7.990  7.990  7.990  7.990  7.990  7.990  7.990  7.990  7.990  7.990
7.990  7.990  7.990  7.990  7.990  7.990  7.990  7.990  7.990  7.990  7.990  7.990  7.990
7.990  7.990  7.990  7.990  7.990  7.990  7.990  7.990  7.990  7.990  7.990  7.990  7.990
7.990  7.990  7.990  7.990  7.990  7.990  7.990  7.990  7.990  7.990  7.990  7.990  7.990
7.990  7.990  7.990  7.990  7.990  7.990  7.990  7.990  7.990  7.990  7.990  7.990  7.990
7.990  7.990  7.990  7.990  7.990  7.990  7.990  7.990  7.990  7.990  7.990  7.990  7.990
7.990  7.990  7.990  7.990  7.990  7.990  7.990  7.990  7.990  7.990  7.990  7.990  7.990
7.990  7.990  7.990  7.990  7.990  7.990  7.990  7.990  7.990  7.990  7.990  7.990  7.990
7.990  7.990  7.990  7.990  7.990  7.990  7.990  7.990  7.990  7.990  7.990  7.990  7.990
8.050  8.050  8.050  8.050  8.050  8.050  8.050  8.050  8.050  8.050  8.050  8.050  8.050
8.050  8.050  8.050  8.050  8.050  8.050  8.050  8.050  8.050  8.050  8.050  8.050  8.050
8.050  8.050  8.050  8.050  8.050  8.050  8.050  8.050  8.050  8.050  8.050  8.050  8.050
8.050  8.050  8.050  8.050  8.050  8.050  8.050  8.050  8.050  8.050  8.050  8.050  8.050
8.050  8.050  8.050  8.050  8.050  8.050  8.050  8.050  8.050  8.050  8.050  8.050  8.050
8.050  8.050  8.050  8.050  8.050  8.050  8.050  8.050  8.050  8.050  8.050  8.050  8.050
8.050  8.050  8.050  8.050  8.050  8.050  8.050  8.050  8.050  8.050  8.050  8.050  8.050
8.050  8.050  8.050  8.050  8.050  8.050  8.050  8.050  8.050  8.050  8.050  8.050  8.050
8.050  8.050  8.050  8.050  8.050  8.050  8.050  8.050  8.050  8.050  8.050  8.050  8.050
8.050  8.050  8.050  8.050  8.050  8.050  8.050  8.050  8.050  8.050  8.050  8.050  8.050
8.050  8.050  8.050  8.050  8.050  8.050  8.050  8.050  8.050  8.050  8.050  8.050  8.050
8.050  8.050  8.050  8.050  8.050  8.050  8.050  8.050  8.050  8.050  8.050  8.050  8.050
8.050  8.050  8.050  8.050  8.050  8.050  8.050  8.050  8.050  8.050  8.050  8.050  8.050
8.050  8.050  8.050  8.050  8.050  8.050  8.050  8.050  8.050  8.050  8.050  8.050  8.050
8.050  8.050  8.050  8.050  8.050  8.050  8.050  8.050  8.050  8.050  8.050  8.050  8.050
8.050  8.050  8.050  8.050  8.050  8.050  8.050  8.050  8.050  8.050  8.050  8.050  8.050
8.050  8.050  8.050  8.050  8.050  8.050  8.050  8.050  8.050  8.050  8.050  8.050  8.050
8.050  8.050  8.050  8.050  8.050  8.050  8.050  8.050  8.050  8.050  8.050  8.050  8.050
8.050  8.050  8.050  8.050  8.050  8.050  8.050  8.050  8.050  8.050  8.050  8.050  8.050
8.050  8.050  8.050  8.050  8.050  8.050  8.050  8.050  8.050  8.050  8.050  8.050  8.050
8.050  8.050  8.050  8.050  8.050  8.050  8.050  8.050  8.050  8.050  8.050  8.050  8.050
8.080  8.080  8.080  8.080  8.080  8.080  8.080  8.080  8.080  8.080  8.080  8.080  8.080
8.080  8.080  8.080  8.080  8.080  8.080  8.080  8.080  8.080  8.080  8.080  8.080  8.080
8.080  8.080  8.080  8.080  8.080  8.080  8.080  8.080  8.080  8.080  8.080  8.080  8.080
8.080  8.080  8.080  8.080  8.080  8.080  8.080  8.080  8.080  8.080  8.080  8.080  8.080
8.080  8.080  8.080  8.080  8.080  8.080  8.080  8.080  8.080  8.080  8.080  8.080  8.080
8.080  8.080  8.080  8.080  8.080  8.080  8.080  8.080  8.080  8.080  8.080  8.080  8.080
8.080  8.080  8.080  8.080  8.080  8.080  8.080  8.080  8.080  8.080  8.080  8.080  8.080
8.080  8.080  8.080  8.080  8.080  8.080  8.080  8.080  8.080  8.080  8.080  8.080  8.080
8.080  8.080  8.080  8.080  8.080  8.080  8.080  8.080  8.080  8.080  8.080  8.080  8.080
8.080  8.080  8.080  8.080  8.080  8.080  8.080  8.080  8.080  8.080  8.080  8.080  8.080
8.080  8.080  8.080  8.080  8.080  8.080  8.080  8.080  8.080  8.080  8.080  8.080  8.080
8.080  8.080  8.080  8.080  8.080  8.080  8.080  8.080  8.080  8.080  8.080  8.080  8.080
8.080  8.080  8.080  8.080  8.080  8.080  8.080  8.080  8.080  8.080  8.080  8.080  8.080
8.080  8.080  8.080  8.080  8.080  8.080  8.080  8.080  8.080  8.080  8.080  8.080  8.080
8.080  8.080  8.080  8.080  8.080  8.080  8.080  8.080  8.080  8.080  8.080  8.080  8.080
8.080  8.080  8.080  8.080  8.080  8.080  8.080  8.080  8.080  8.080  8.080  8.080  8.080
8.080  8.080  8.080  8.080  8.080  8.080  8.080  8.080  8.080  8.080  8.080  8.080  8.080
8.080  8.080  8.080  8.080  8.080  8.080  8.080  8.080  8.080  8.080  8.080  8.080  8.080
8.080  8.080  8.080  8.080  8.080  8.080  8.080  8.080  8.080  8.080  8.080  8.080  8.080
8.080  8.080  8.080  8.080  8.080  8.080  8.080  8.080  8.080  8.080  8.080  8.080  8.080
8.080  8.080  8.080  8.080  8.080  8.080  8.080  8.080  8.080  8.080  8.080  8.080  8.080
8.100  8.100  8.100  8.100  8.100  8.100  8.100  8.100  8.100  8.100  8.100  8.100  8.100
8.100  8.100  8.100  8.100  8.100  8.100  8.100  8.100  8.100  8.100  8.100  8.100  8.100
8.100  8.100  8.100  8.100  8.100  8.100  8.100  8.100  8.100  8.100  8.100  8.100  8.100
8.100  8.100  8.100  8.100  8.100  8.100  8.100  8.100  8.100  8.100  8.100  8.100  8.100
8.100  8.100  8.100  8.100  8.100  8.100  8.100  8.100  8.100  8.100  8.100  8.100  8.100
8.100  8.100  8.100  8.100  8.100  8.100  8.100  8.100  8.100  8.100  8.100  8.100  8.100
8.100  8.100  8.100  8.100  8.100  8.100  8.100  8.100  8.100  8.100  8.100  8.100  8.100
8.100  8.100  8.100  8.100  8.100  8.100  8.100  8.100  8.100  8.100  8.100  8.100  8.100
8.100  8.100  8.100  8.100  8.100  8.100  8.100  8.100  8.100  8.100  8.100  8.100  8.100
8.100  8.100  8.100  8.100  8.100  8.100  8.100  8.100  8.100  8.100  8.100  8.100  8.100
8.100  8.100  8.100  8.100  8.100  8.100  8.100  8.100  8.100  8.100  8.100  8.100  8.100
8.100  8.100  8.100  8.100  8.100  8.100  8.100  8.100  8.100  8.100  8.100  8.100  8.100
8.100  8.100  8.100  8.100  8.100  8.100  8.100  8.100  8.100  8.100  8.100  8.100  8.100
8.100  8.100  8.100  8.100  8.100  8.100  8.100  8.100  8.100  8.100  8.100  8.100  8.100
8.100  8.100  8.100  8.100  8.100  8.100  8.100  8.100  8.100  8.100  8.100  8.100  8.100
8.100  8.100  8.100  8.100  8.100  8.100  8.100  8.100  8.100  8.100  8.100  8.100  8.100
8.100  8.100  8.100  8.100  8.100  8.100  8.100  8.100  8.100  8.100  8.100  8.100  8.100
8.100  8.100  8.100  8.100  8.100  8.100  8.100  8.100  8.100  8.100  8.100  8.100  8.100
8.100  8.100  8.100  8.100  8.100  8.100  8.100  8.100  8.100  8.100  8.100  8.100  8.100
8.100  8.100  8.100  8.100  8.100  8.100  8.100  8.100  8.100  8.100  8.100  8.100  8.100
8.100  8.100  8.100  8.100  8.100  8.100  8.100  8.100  8.100  8.100  8.100  8.100  8.100
8.130  8.130  8.130  8.130  8.130  8.130  8.130  8.130  8.130  8.130  8.130  8.130  8.130
8.130  8.130  8.130  8.130  8.130  8.130  8.130  8.130  8.130  8.130  8.130  8.130  8.130
8.130  8.130  8.130  8.130  8.130  8.130  8.130  8.130  8.130  8.130  8.130  8.130  8.130
8.130  8.130  8.130  8.130  8.130  8.130  8.130  8.130  8.130  8.130  8.130  8.130  8.130
8.130  8.130  8.130  8.130  8.130  8.130  8.130  8.130  8.130  8.130  8.130  8.130  8.130
8.130  8.130  8.130  8.130  8.130  8.130  8.130  8.130  8.130  8.130  8.130  8.130  8.130
8.130  8.130  8.130  8.130  8.130  8.130  8.130  8.130  8.130  8.130  8.130  8.130  8.130
8.130  8.130  8.130  8.130  8.130  8.130  8.130  8.130  8.130  8.130  8.130  8.130  8.130
8.130  8.130  8.130  8.130  8.130  8.130  8.130  8.130  8.130  8.130  8.130  8.130  8.130
8.130  8.130  8.130  8.130  8.130  8.130  8.130  8.130  8.130  8.130  8.130  8.130  8.130
8.130  8.130  8.130  8.130  8.130  8.130  8.130  8.130  8.130  8.130  8.130  8.130  8.130
8.130  8.130  8.130  8.130  8.130  8.130  8.130  8.130  8.130  8.130  8.130  8.130  8.130
8.130  8.130  8.130  8.130  8.130  8.130  8.130  8.130  8.130  8.130  8.130  8.130  8.130
8.130  8.130  8.130  8.130  8.130  8.130  8.130  8.130  8.130  8.130  8.130  8.130  8.130
8.130  8.130  8.130  8.130  8.130  8.130  8.130  8.130  8.130  8.130  8.130  8.130  8.130
8.130  8.130  8.130  8.130  8.130  8.130  8.130  8.130  8.130  8.130  8.130  8.130  8.130
8.130  8.130  8.130  8.130  8.130  8.130  8.130  8.130  8.130  8.130  8.130  8.130  8.130
8.130  8.130  8.130  8.130  8.130  8.130  8.130  8.130  8.130  8.130  8.130  8.130  8.130
8.130  8.130  8.130  8.130  8.130  8.130  8.130  8.130  8.130  8.130  8.130  8.130  8.130
8.130  8.130  8.130  8.130  8.130  8.130  8.130  8.130  8.130  8.130  8.130  8.130  8.130
8.130  8.130  8.130  8.130  8.130  8.130  8.130  8.130  8.130  8.130  8.130  8.130  8.130
8.160  8.160  8.160  8.160  8.160  8.160  8.160  8.160  8.160  8.160  8.160  8.160  8.160
8.160  8.160  8.160  8.160  8.160  8.160  8.160  8.160  8.160  8.160  8.160  8.160  8.160
8.160  8.160  8.160  8.160  8.160  8.160  8.160  8.160  8.160  8.160  8.160  8.160  8.160
8.160  8.160  8.160  8.160  8.160  8.160  8.160  8.160  8.160  8.160  8.160  8.160  8.160
8.160  8.160  8.160  8.160  8.160  8.160  8.160  8.160  8.160  8.160  8.160  8.160  8.160
8.160  8.160  8.160  8.160  8.160  8.160  8.160  8.160  8.160  8.160  8.160  8.160  8.160
8.160  8.160  8.160  8.160  8.160  8.160  8.160  8.160  8.160  8.160  8.160  8.160  8.160
8.160  8.160  8.160  8.160  8.160  8.160  8.160  8.160  8.160  8.160  8.160  8.160  8.160
8.160  8.160  8.160  8.160  8.160  8.160  8.160  8.160  8.160  8.160  8.160  8.160  8.160
8.160  8.160  8.160  8.160  8.160  8.160  8.160  8.160  8.160  8.160  8.160  8.160  8.160
8.160  8.160  8.160  8.160  8.160  8.160  8.160  8.160  8.160  8.160  8.160  8.160  8.160
8.160  8.160  8.160  8.160  8.160  8.160  8.160  8.160  8.160  8.160  8.160  8.160  8.160
8.160  8.160  8.160  8.160  8.160  8.160  8.160  8.160  8.160  8.160  8.160  8.160  8.160
8.160  8.160  8.160  8.160  8.160  8.160  8.160  8.160  8.160  8.160  8.160  8.160  8.160
8.160  8.160  8.160  8.160  8.160  8.160  8.160  8.160  8.160  8.160  8.160  8.160  8.160
8.160  8.160  8.160  8.160  8.160  8.160  8.160  8.160  8.160  8.160  8.160  8.160  8.160
8.160  8.160  8.160  8.160  8.160  8.160  8.160  8.160  8.160  8.160  8.160  8.160  8.160
8.160  8.160  8.160  8.160  8.160  8.160  8.160  8.160  8.160  8.160  8.160  8.160  8.160
8.160  8.160  8.160  8.160  8.160  8.160  8.160  8.160  8.160  8.160  8.160  8.160  8.160
8.160  8.160  8.160  8.160  8.160  8.160  8.160  8.160  8.160  8.160  8.160  8.160  8.160
8.160  8.160  8.160  8.160  8.160  8.160  8.160  8.160  8.160  8.160  8.160  8.160  8.160
8.180  8.180  8.180  8.180  8.180  8.180  8.180  8.180  8.180  8.180  8.180  8.180  8.180
8.180  8.180  8.180  8.180  8.180  8.180  8.180  8.180  8.180  8.180  8.180  8.180  8.180
8.180  8.180  8.180  8.180  8.180  8.180  8.180  8.180  8.180  8.180  8.180  8.180  8.180
8.180  8.180  8.180  8.180  8.180  8.180  8.180  8.180  8.180  8.180  8.180  8.180  8.180
8.180  8.180  8.180  8.180  8.180  8.180  8.180  8.180  8.180  8.180  8.180  8.180  8.180
8.180  8.180  8.180  8.180  8.180  8.180  8.180  8.180  8.180  8.180  8.180  8.180  8.180
8.180  8.180  8.180  8.180  8.180  8.180  8.180  8.180  8.180  8.180  8.180  8.180  8.180
8.180  8.180  8.180  8.180  8.180  8.180  8.180  8.180  8.180  8.180  8.180  8.180  8.180
8.180  8.180  8.180  8.180  8.180  8.180  8.180  8.180  8.180  8.180  8.180  8.180  8.180
8.180  8.180  8.180  8.180  8.180  8.180  8.180  8.180  8.180  8.180  8.180  8.180  8.180
8.180  8.180  8.180  8.180  8.180  8.180  8.180  8.180  8.180  8.180  8.180  8.180  8.180
8.180  8.180  8.180  8.180  8.180  8.180  8.180  8.180  8.180  8.180  8.180  8.180  8.180
8.180  8.180  8.180  8.180  8.180  8.180  8.180  8.180  8.180  8.180  8.180  8.180  8.180
8.180  8.180  8.180  8.180  8.180  8.180  8.180  8.180  8.180  8.180  8.180  8.180  8.180
8.180  8.180  8.180  8.180  8.180  8.180  8.180  8.180  8.180  8.180  8.180  8.180  8.180
8.180  8.180  8.180  8.180  8.180  8.180  8.180  8.180  8.180  8.180  8.180  8.180  8.180
8.180  8.180  8.180  8.180  8.180  8.180  8.180  8.180  8.180  8.180  8.180  8.180  8.180
8.180  8.180  8.180  8.180  8.180  8.180  8.180  8.180  8.180  8.180  8.180  8.180  8.180
8.180  8.180  8.180  8.180  8.180  8.180  8.180  8.180  8.180  8.180  8.180  8.180  8.180
8.180  8.180  8.180  8.180  8.180  8.180  8.180  8.180  8.180  8.180  8.180  8.180  8.180
8.180  8.180  8.180  8.180  8.180  8.180  8.180  8.180  8.180  8.180  8.180  8.180  8.180
8.410  8.410  8.410  8.410  8.410  8.410  8.410  8.410  8.410  8.410  8.410  8.410  8.410
8.410  8.410  8.410  8.410  8.410  8.410  8.410  8.410  8.410  8.410  8.410  8.410  8.410
8.410  8.410  8.410  8.410  8.410  8.410  8.410  8.410  8.410  8.410  8.410  8.410  8.410
8.410  8.410  8.410  8.410  8.410  8.410  8.410  8.410  8.410  8.410  8.410  8.410  8.410
8.410  8.410  8.410  8.410  8.410  8.410  8.410  8.410  8.410  8.410  8.410  8.410  8.410
8.410  8.410  8.410  8.410  8.410  8.410  8.410  8.410  8.410  8.410  8.410  8.410  8.410
8.410  8.410  8.410  8.410  8.410  8.410  8.410  8.410  8.410  8.410  8.410  8.410  8.410
8.410  8.410  8.410  8.410  8.410  8.410  8.410  8.410  8.410  8.410  8.410  8.410  8.410
8.410  8.410  8.410  8.410  8.410  8.410  8.410  8.410  8.410  8.410  8.410  8.410  8.410
8.410  8.410  8.410  8.410  8.410  8.410  8.410  8.410  8.410  8.410  8.410  8.410  8.410
8.410  8.410  8.410  8.410  8.410  8.410  8.410  8.410  8.410  8.410  8.410  8.410  8.410
8.410  8.410  8.410  8.410  8.410  8.410  8.410  8.410  8.410  8.410  8.410  8.410  8.410
8.410  8.410  8.410  8.410  8.410  8.410  8.410  8.410  8.410  8.410  8.410  8.410  8.410
8.410  8.410  8.410  8.410  8.410  8.410  8.410  8.410  8.410  8.410  8.410  8.410  8.410
8.410  8.410  8.410  8.410  8.410  8.410  8.410  8.410  8.410  8.410  8.410  8.410  8.410
8.410  8.410  8.410  8.410  8.410  8.410  8.410  8.410  8.410  8.410  8.410  8.410  8.410
8.410  8.410  8.410  8.410  8.410  8.410  8.410  8.410  8.410  8.410  8.410  8.410  8.410
8.410  8.410  8.410  8.410  8.410  8.410  8.410  8.410  8.410  8.410  8.410  8.410  8.410
8.410  8.410  8.410  8.410  8.410  8.410  8.410  8.410  8.410  8.410  8.410  8.410  8.410
8.410  8.410  8.410  8.410  8.410  8.410  8.410  8.410  8.410  8.410  8.410  8.410  8.410
8.410  8.410  8.410  8.410  8.410  8.410  8.410  8.410  8.410  8.410  8.410  8.410  8.410
8.660  8.660  8.660  8.660  8.660  8.660  8.660  8.660  8.660  8.660  8.660  8.660  8.660
8.660  8.660  8.660  8.660  8.660  8.660  8.660  8.660  8.660  8.660  8.660  8.660  8.660
8.660  8.660  8.660  8.660  8.660  8.660  8.660  8.660  8.660  8.660  8.660  8.660  8.660
8.660  8.660  8.660  8.660  8.660  8.660  8.660  8.660  8.660  8.660  8.660  8.660  8.660
8.660  8.660  8.660  8.660  8.660  8.660  8.660  8.660  8.660  8.660  8.660  8.660  8.660
8.660  8.660  8.660  8.660  8.660  8.660  8.660  8.660  8.660  8.660  8.660  8.660  8.660
8.660  8.660  8.660  8.660  8.660  8.660  8.660  8.660  8.660  8.660  8.660  8.660  8.660
8.660  8.660  8.660  8.660  8.660  8.660  8.660  8.660  8.660  8.660  8.660  8.660  8.660
8.660  8.660  8.660  8.660  8.660  8.660  8.660  8.660  8.660  8.660  8.660  8.660  8.660
8.660  8.660  8.660  8.660  8.660  8.660  8.660  8.660  8.660  8.660  8.660  8.660  8.660
8.660  8.660  8.660  8.660  8.660  8.660  8.660  8.660  8.660  8.660  8.660  8.660  8.660
8.660  8.660  8.660  8.660  8.660  8.660  8.660  8.660  8.660  8.660  8.660  8.660  8.660
8.660  8.660  8.660  8.660  8.660  8.660  8.660  8.660  8.660  8.660  8.660  8.660  8.660
8.660  8.660  8.660  8.660  8.660  8.660  8.660  8.660  8.660  8.660  8.660  8.660  8.660
8.660  8.660  8.660  8.660  8.660  8.660  8.660  8.660  8.660  8.660  8.660  8.660  8.660
8.660  8.660  8.660  8.660  8.660  8.660  8.660  8.660  8.660  8.660  8.660  8.660  8.660
8.660  8.660  8.660  8.660  8.660  8.660  8.660  8.660  8.660  8.660  8.660  8.660  8.660
8.660  8.660  8.660  8.660  8.660  8.660  8.660  8.660  8.660  8.660  8.660  8.660  8.660
8.660  8.660  8.660  8.660  8.660  8.660  8.660  8.660  8.660  8.660  8.660  8.660  8.660
8.660  8.660  8.660  8.660  8.660  8.660  8.660  8.660  8.660  8.660  8.660  8.660  8.660
8.660  8.660  8.660  8.660  8.660  8.660  8.660  8.660  8.660  8.660  8.660  8.660  8.660
1.814  1.814  1.814  1.814  1.814  1.814  1.814  1.814  1.814  1.814  1.814  1.814  1.814
1.814  1.814  1.814  1.814  1.814  1.814  1.814  1.814  1.814  1.814  1.814  1.814  1.814
1.814  1.814  1.814  1.814  1.814  1.814  1.814  1.814  1.814  1.814  1.814  1.814  1.814
1.814  1.814  1.814  1.814  1.814  1.814  1.814  1.814  1.814  1.814  1.814  1.814  1.814
1.814  1.814  1.814  1.814  1.814  1.814  1.814  1.814  1.814  1.814  1.814  1.814  1.814
1.814  1.814  1.814  1.814  1.814  1.814  1.814  1.814  1.814  1.814  1.814  1.814  1.814
1.814  1.814  1.814  1.814  1.814  1.814  1.814  1.814  1.814  1.814  1.814  1.814  1.814
1.814  1.814  1.814  1.814  1.814  1.814  1.814  1.814  1.814  1.814  1.814  1.814  1.814
1.814  1.814  1.814  1.814  1.814  1.814  1.814  1.814  1.814  1.814  1.814  1.814  1.814
1.814  1.814  1.814  1.814  1.814  1.814  1.814  1.814  1.814  1.814  1.814  1.814  1.814
1.814  1.814  1.814  1.814  1.814  1.814  1.814  1.814  1.814  1.814  1.814  1.814  1.814
1.814  1.814  1.814  1.814  1.814  1.814  1.814  1.814  1.814  1.814  1.814  1.814  1.814
1.814  1.814  1.814  1.814  1.814  1.814  1.814  1.814  1.814  1.814  1.814  1.814  1.814
1.814  1.814  1.814  1.814  1.814  1.814  1.814  1.814  1.814  1.814  1.814  1.814  1.814
1.814  1.814  1.814  1.814  1.814  1.814  1.814  1.814  1.814  1.814  1.814  1.814  1.814
1.814  1.814  1.814  1.814  1.814  1.814  1.814  1.814  1.814  1.814  1.814  1.814  1.814
1.814  1.814  1.814  1.814  1.814  1.814  1.814  1.814  1.814  1.814  1.814  1.814  1.814
1.814  1.814  1.814  1.814  1.814  1.814  1.814  1.814  1.814  1.814  1.814  1.814  1.814
1.814  1.814  1.814  1.814  1.814  1.814  1.814  1.814  1.814  1.814  1.814  1.814  1.814
1.814  1.814  1.814  1.814  1.814  1.814  1.814  1.814  1.814  1.814  1.814  1.814  1.814
1.814  1.814  1.814  1.814  1.814  1.814  1.814  1.814  1.814  1.814  1.814  1.814  1.814
1.814  1.814  1.814  1.814  1.814  1.814  1.814  1.814  1.814  1.814  1.814  1.814  1.814
1.814  1.814  1.814  1.814  1.814  1.814  1.814  1.814  1.814  1.814  1.814  1.814  1.814
1.814  1.814  1.814  1.814  1.814  1.814  1.814  1.814  1.814  1.814  1.814  1.814  1.814
1.814  1.814  1.814  1.814  1.814  1.814  1.814  1.814  1.814  1.814  1.814  1.814  1.814
1.814  1.814  1.814  1.814  1.814  1.814  1.814  1.814  1.814  1.814  1.814  1.814  1.814
1.814  1.814  1.814  1.814  1.814  1.814  1.814  1.814  1.814  1.814  1.814  1.814  1.814
1.814  1.814  1.814  1.814  1.814  1.814  1.814  1.814  1.814  1.814  1.814  1.814  1.814
1.814  1.814  1.814  1.814  1.814  1.814  1.814  1.814  1.814  1.814  1.814  1.814  1.814
1.814  1.814  1.814  1.814  1.814  1.814  1.814  1.814  1.814  1.814  1.814  1.814  1.814
1.814  1.814  1.814  1.814  1.814  1.814  1.814  1.814  1.814  1.814  1.814  1.814  1.814
1.814  1.814  1.814  1.814  1.814  1.814  1.814  1.814  1.814  1.814  1.814  1.814  1.814
1.814  1.814  1.814  1.814  1.814  1.814  1.814  1.814  1.814  1.814  1.814  1.814  1.814
1.814  1.814  1.814  1.814  1.814  1.814  1.814  1.814  1.814  1.814  1.814  1.814  1.814
1.814  1.814  1.814  1.814  1.814  1.814  1.814  1.814  1.814  1.814  1.814  1.814  1.814
1.814  1.814  1.814  1.814  1.814  1.814  1.814  1.814  1.814  1.814  1.814  1.814  1.814
1.814  1.814  1.814  1.814  1.814  1.814  1.814  1.814  1.814  1.814  1.814  1.814  1.814
1.814  1.814  1.814  1.814  1.814  1.814  1.814  1.814  1.814  1.814  1.814  1.814  1.814
1.814  1.814  1.814  1.814  1.814  1.814  1.814  1.814  1.814  1.814  1.814  1.814  1.814
1.814  1.814  1.814  1.814  1.814  1.814  1.814  1.814  1.814  1.814  1.814  1.814  1.814
1.814  1.814  1.814  1.814  1.814  1.814  1.814  1.814  1.814  1.814  1.814  1.814  1.814
1.814  1.814  1.814  1.814  1.814  1.814  1.814  1.814  1.814  1.814  1.814  1.814  1.814
1.814  1.814  1.814  1.814  1.814  1.814  1.814  1.814  1.814  1.814  1.814  1.814  1.814
1.814  1.814  1.814  1.814  1.814  1.814  1.814  1.814  1.814  1.814  1.814  1.814  1.814
1.814  1.814  1.814  1.814  1.814  1.814  1.814  1.814  1.814  1.814  1.814  1.814  1.814
1.814  1.814  1.814  1.814  1.814  1.814  1.814  1.814  1.814  1.814  1.814  1.814  1.814
1.814  1.814  1.814  1.814  1.814  1.814  1.814  1.814  1.814  1.814  1.814  1.814  1.814
1.814  1.814  1.814  1.814  1.814  1.814  1.814  1.814  1.814  1.814  1.814  1.814  1.814
1.814  1.814  1.814  1.814  1.814  1.814  1.814  1.814  1.814  1.814  1.814  1.814  1.814
1.814  1.814  1.814  1.814  1.814  1.814  1.814  1.814  1.814  1.814  1.814  1.814  1.814
1.814  1.814  1.814  1.814  1.814  1.814  1.814  1.814  1.814  1.814  1.814  1.814  1.814
1.814  1.814  1.814  1.814  1.814  1.814  1.814  1.814  1.814  1.814  1.814  1.814  1.814
1.814  1.814  1.814  1.814  1.814  1.814  1.814  1.814  1.814  1.814  1.814  1.814  1.814
1.814  1.814  1.814  1.814  1.814  1.814  1.814  1.814  1.814  1.814  1.814  1.814  1.814
1.814  1.814  1.814  1.814  1.814  1.814  1.814  1.814  1.814  1.814  1.814  1.814  1.814
1.814  1.814  1.814  1.814  1.814  1.814  1.814  1.814  1.814  1.814  1.814  1.814  1.814
1.814  1.814  1.814  1.814  1.814  1.814  1.814  1.814  1.814  1.814  1.814  1.814  1.814
1.814  1.814  1.814  1.814  1.814  1.814  1.814  1.814  1.814  1.814  1.814  1.814  1.814
1.814  1.814  1.814  1.814  1.814  1.814  1.814  1.814  1.814  1.814  1.814  1.814  1.814
1.814  1.814  1.814  1.814  1.814  1.814  1.814  1.814  1.814  1.814  1.814  1.814  1.814
1.814  1.814  1.814  1.814  1.814  1.814  1.814  1.814  1.814  1.814  1.814  1.814  1.814
1.814  1.814  1.814  1.814  1.814  1.814  1.814  1.814  1.814  1.814  1.814  1.814  1.814
1.814  1.814  1.814  1.814  1.814  1.814  1.814  1.814  1.814  1.814  1.814  1.814  1.814
1.814  1.814  1.814  1.814  1.814  1.814  1.814  1.814  1.814  1.814  1.814  1.814  1.814
1.814  1.814  1.814  1.814  1.814  1.814  1.814  1.814  1.814  1.814  1.814  1.814  1.814
1.814  1.814  1.814  1.814  1.814  1.814  1.814  1.814  1.814  1.814  1.814  1.814  1.814
1.814  1.814  1.814  1.814  1.814  1.814  1.814  1.814  1.814  1.814  1.814  1.814  1.814
1.814  1.814  1.814  1.814  1.814  1.814  1.814  1.814  1.814  1.814  1.814  1.814  1.814
1.814  1.814  1.814  1.814  1.814  1.814  1.814  1.814  1.814  1.814  1.814  1.814  1.814
1.814  1.814  1.814  1.814  1.814  1.814  1.814  1.814  1.814  1.814  1.814  1.814  1.814
1.814  1.814  1.814  1.814  1.814  1.814  1.814  1.814  1.814  1.814  1.814  1.814  1.814
1.814  1.814  1.814  1.814  1.814  1.814  1.814  1.814  1.814  1.814  1.814  1.814  1.814
1.814  1.814  1.814  1.814  1.814  1.814  1.814  1.814  1.814  1.814  1.814  1.814  1.814
1.814  1.814  1.814  1.814  1.814  1.814  1.814  1.814  1.814  1.814  1.814  1.814  1.814
1.814  1.814  1.814  1.814  1.814  1.814  1.814  1.814  1.814  1.814  1.814  1.814  1.814
1.814  1.814  1.814  1.814  1.814  1.814  1.814  1.814  1.814  1.814  1.814  1.814  1.814
1.814  1.814  1.814  1.814  1.814  1.814  1.814  1.814  1.814  1.814  1.814  1.814  1.814
1.814  1.814  1.814  1.814  1.814  1.814  1.814  1.814  1.814  1.814  1.814  1.814  1.814
1.814  1.814  1.814  1.814  1.814  1.814  1.814  1.814  1.814  1.814  1.814  1.814  1.814
1.814  1.814  1.814  1.814  1.814  1.814  1.814  1.814  1.814  1.814  1.814  1.814  1.814
1.814  1.814  1.814  1.814  1.814  1.814  1.814  1.814  1.814  1.814  1.814  1.814  1.814
1.814  1.814  1.814  1.814  1.814  1.814  1.814  1.814  1.814  1.814  1.814  1.814  1.814
1.814  1.814  1.814  1.814  1.814  1.814  1.814  1.814  1.814  1.814  1.814  1.814  1.814
1.814  1.814  1.814  1.814  1.814  1.814  1.814  1.814  1.814  1.814  1.814  1.814  1.814
1.814  1.814  1.814  1.814  1.814  1.814  1.814  1.814  1.814  1.814  1.814  1.814  1.814
1.814  1.814  1.814  1.814  1.814  1.814  1.814  1.814  1.814  1.814  1.814  1.814  1.814
1.814  1.814  1.814  1.814  1.814  1.814  1.814  1.814  1.814  1.814  1.814  1.814  1.814
1.814  1.814  1.814  1.814  1.814  1.814  1.814  1.814  1.814  1.814  1.814  1.814  1.814
1.814  1.814  1.814  1.814  1.814  1.814  1.814  1.814  1.814  1.814  1.814  1.814  1.814
1.814  1.814  1.814  1.814  1.814  1.814  1.814  1.814  1.814  1.814  1.814  1.814  1.814
1.814  1.814  1.814  1.814  1.814  1.814  1.814  1.814  1.814  1.814  1.814  1.814  1.814
1.814  1.814  1.814  1.814  1.814  1.814  1.814  1.814  1.814  1.814  1.814  1.814  1.814
1.814  1.814  1.814  1.814  1.814  1.814  1.814  1.814  1.814  1.814  1.814  1.814  1.814
1.814  1.814  1.814  1.814  1.814  1.814  1.814  1.814  1.814  1.814  1.814  1.814  1.814
1.814  1.814  1.814  1.814  1.814  1.814  1.814  1.814  1.814  1.814  1.814  1.814  1.814
1.814  1.814  1.814  1.814  1.814  1.814  1.814  1.814  1.814  1.814  1.814  1.814  1.814
1.814  1.814  1.814  1.814  1.814  1.814  1.814  1.814  1.814  1.814  1.814  1.814  1.814
1.814  1.814  1.814  1.814  1.814  1.814  1.814  1.814  1.814  1.814  1.814  1.814  1.814
1.814  1.814  1.814  1.814  1.814  1.814  1.814  1.814  1.814  1.814  1.814  1.814  1.814
1.814  1.814  1.814  1.814  1.814  1.814  1.814  1.814  1.814  1.814  1.814  1.814  1.814
1.814  1.814  1.814  1.814  1.814  1.814  1.814  1.814  1.814  1.814  1.814  1.814  1.814
1.814  1.814  1.814  1.814  1.814  1.814  1.814  1.814  1.814  1.814  1.814  1.814  1.814
1.814  1.814  1.814  1.814  1.814  1.814  1.814  1.814  1.814  1.814  1.814  1.814  1.814
1.814  1.814  1.814  1.814  1.814  1.814  1.814  1.814  1.814  1.814  1.814  1.814  1.814
1.814  1.814  1.814  1.814  1.814  1.814  1.814  1.814  1.814  1.814  1.814  1.814  1.814
1.814  1.814  1.814  1.814  1.814  1.814  1.814  1.814  1.814  1.814  1.814  1.814  1.814
1.814  1.814  1.814  1.814  1.814  1.814  1.814  1.814  1.814  1.814  1.814  1.814  1.814
1.814  1.814  1.814  1.814  1.814  1.814  1.814  1.814  1.814  1.814  1.814  1.814  1.814
1.814  1.814  1.814  1.814  1.814  1.814  1.814  1.814  1.814  1.814  1.814  1.814  1.814
1.814  1.814  1.814  1.814  1.814  1.814  1.814  1.814  1.814  1.814  1.814  1.814  1.814
1.814  1.814  1.814  1.814  1.814  1.814  1.814  1.814  1.814  1.814  1.814  1.814  1.814
1.814  1.814  1.814  1.814  1.814  1.814  1.814  1.814  1.814  1.814  1.814  1.814  1.814
1.814  1.814  1.814  1.814  1.814  1.814  1.814  1.814  1.814  1.814  1.814  1.814  1.814
1.814  1.814  1.814  1.814  1.814  1.814  1.814  1.814  1.814  1.814  1.814  1.814  1.814
1.814  1.814  1.814  1.814  1.814  1.814  1.814  1.814  1.814  1.814  1.814  1.814  1.814
1.814  1.814  1.814  1.814  1.814  1.814  1.814  1.814  1.814  1.814  1.814  1.814  1.814
1.814  1.814  1.814  1.814  1.814  1.814  1.814  1.814  1.814  1.814  1.814  1.814  1.814
1.814  1.814  1.814  1.814  1.814  1.814  1.814  1.814  1.814  1.814  1.814  1.814  1.814
1.814  1.814  1.814  1.814  1.814  1.814  1.814  1.814  1.814  1.814  1.814  1.814  1.814
1.814  1.814  1.814  1.814  1.814  1.814  1.814  1.814  1.814  1.814  1.814  1.814  1.814
1.814  1.814  1.814  1.814  1.814  1.814  1.814  1.814  1.814  1.814  1.814  1.814  1.814
1.814  1.814  1.814  1.814  1.814  1.814  1.814  1.814  1.814  1.814  1.814  1.814  1.814
1.814  1.814  1.814  1.814  1.814  1.814  1.814  1.814  1.814  1.814  1.814  1.814  1.814
1.814  1.814  1.814  1.814  1.814  1.814  1.814  1.814  1.814  1.814  1.814  1.814  1.814
1.814  1.814  1.814  1.814  1.814  1.814  1.814  1.814  1.814  1.814  1.814  1.814  1.814
1.814  1.814  1.814  1.814  1.814  1.814  1.814  1.814  1.814  1.814  1.814  1.814  1.814
1.814  1.814  1.814  1.814  1.814  1.814  1.814  1.814  1.814  1.814  1.814  1.814  1.814
1.814  1.814  1.814  1.814  1.814  1.814  1.814  1.814  1.814  1.814  1.814  1.814  1.814
1.814  1.814  1.814  1.814  1.814  1.814  1.814  1.814  1.814  1.814  1.814  1.814  1.814
1.814  1.814  1.814  1.814  1.814  1.814  1.814  1.814  1.814  1.814  1.814  1.814  1.814
1.814  1.814  1.814  1.814  1.814  1.814  1.814  1.814  1.814  1.814  1.814  1.814  1.814
1.814  1.814  1.814  1.814  1.814  1.814  1.814  1.814  1.814  1.814  1.814  1.814  1.814
1.814  1.814  1.814  1.814  1.814  1.814  1.814  1.814  1.814  1.814  1.814  1.814  1.814
1.814  1.814  1.814  1.814  1.814  1.814  1.814  1.814  1.814  1.814  1.814  1.814  1.814
1.814  1.814  1.814  1.814  1.814  1.814  1.814  1.814  1.814  1.814  1.814  1.814  1.814
1.814  1.814  1.814  1.814  1.814  1.814  1.814  1.814  1.814  1.814  1.814  1.814  1.814
1.814  1.814  1.814  1.814  1.814  1.814  1.814  1.814  1.814  1.814  1.814  1.814  1.814
1.814  1.814  1.814  1.814  1.814  1.814  1.814  1.814  1.814  1.814  1.814  1.814  1.814
1.814  1.814  1.814  1.814  1.814  1.814  1.814  1.814  1.814  1.814  1.814  1.814  1.814
1.814  1.814  1.814  1.814  1.814  1.814  1.814  1.814  1.814  1.814  1.814  1.814  1.814
1.814  1.814  1.814  1.814  1.814  1.814  1.814  1.814  1.814  1.814  1.814  1.814  1.814
1.814  1.814  1.814  1.814  1.814  1.814  1.814  1.814  1.814  1.814  1.814  1.814  1.814
1.814  1.814  1.814  1.814  1.814  1.814  1.814  1.814  1.814  1.814  1.814  1.814  1.814
1.814  1.814  1.814  1.814  1.814  1.814  1.814  1.814  1.814  1.814  1.814  1.814  1.814
1.814  1.814  1.814  1.814  1.814  1.814  1.814  1.814  1.814  1.814  1.814  1.814  1.814
1.814  1.814  1.814  1.814  1.814  1.814  1.814  1.814  1.814  1.814  1.814  1.814  1.814
1.814  1.814  1.814  1.814  1.814  1.814  1.814  1.814  1.814  1.814  1.814  1.814  1.814
1.814  1.814  1.814  1.814  1.814  1.814  1.814  1.814  1.814  1.814  1.814  1.814  1.814
1.814  1.814  1.814  1.814  1.814  1.814  1.814  1.814  1.814  1.814  1.814  1.814  1.814
1.814  1.814  1.814  1.814  1.814  1.814  1.814  1.814  1.814  1.814  1.814  1.814  1.814
1.814  1.814  1.814  1.814  1.814  1.814  1.814  1.814  1.814  1.814  1.814  1.814  1.814
1.814  1.814  1.814  1.814  1.814  1.814  1.814  1.814  1.814  1.814  1.814  1.814  1.814
1.814  1.814  1.814  1.814  1.814  1.814  1.814  1.814  1.814  1.814  1.814  1.814  1.814
1.814  1.814  1.814  1.814  1.814  1.814  1.814  1.814  1.814  1.814  1.814  1.814  1.814
1.814  1.814  1.814  1.814  1.814  1.814  1.814  1.814  1.814  1.814  1.814  1.814  1.814
1.814  1.814  1.814  1.814  1.814  1.814  1.814  1.814  1.814  1.814  1.814  1.814  1.814
1.814  1.814  1.814  1.814  1.814  1.814  1.814  1.814  1.814  1.814  1.814  1.814  1.814
1.814  1.814  1.814  1.814  1.814  1.814  1.814  1.814  1.814  1.814  1.814  1.814  1.814
1.814  1.814  1.814  1.814  1.814  1.814  1.814  1.814  1.814  1.814  1.814  1.814  1.814
1.814  1.814  1.814  1.814  1.814  1.814  1.814  1.814  1.814  1.814  1.814  1.814  1.814
1.814  1.814  1.814  1.814  1.814  1.814  1.814  1.814  1.814  1.814  1.814  1.814  1.814
1.814  1.814  1.814  1.814  1.814  1.814  1.814  1.814  1.814  1.814  1.814  1.814  1.814
1.814  1.814  1.814  1.814  1.814  1.814  1.814  1.814  1.814  1.814  1.814  1.814  1.814
1.814  1.814  1.814  1.814  1.814  1.814  1.814  1.814  1.814  1.814  1.814  1.814  1.814
1.814  1.814  1.814  1.814  1.814  1.814  1.814  1.814  1.814  1.814  1.814  1.814  1.814
1.814  1.814  1.814  1.814  1.814  1.814  1.814  1.814  1.814  1.814  1.814  1.814  1.814
1.814  1.814  1.814  1.814  1.814  1.814  1.814  1.814  1.814  1.814  1.814  1.814  1.814
1.814  1.814  1.814  1.814  1.814  1.814  1.814  1.814  1.814  1.814  1.814  1.814  1.814
1.814  1.814  1.814  1.814  1.814  1.814  1.814  1.814  1.814  1.814  1.814  1.814  1.814
1.814  1.814  1.814  1.814  1.814  1.814  1.814  1.814  1.814  1.814  1.814  1.814  1.814
1.814  1.814  1.814  1.814  1.814  1.814  1.814  1.814  1.814  1.814  1.814  1.814  1.814
1.814  1.814  1.814  1.814  1.814  1.814  1.814  1.814  1.814  1.814  1.814  1.814  1.814
1.814  1.814  1.814  1.814  1.814  1.814  1.814  1.814  1.814  1.814  1.814  1.814  1.814
1.814  1.814  1.814  1.814  1.814  1.814  1.814  1.814  1.814  1.814  1.814  1.814  1.814
1.814  1.814  1.814  1.814  1.814  1.814  1.814  1.814  1.814  1.814  1.814  1.814  1.814
1.814  1.814  1.814  1.814  1.814  1.814  1.814  1.814  1.814  1.814  1.814  1.814  1.814
1.814  1.814  1.814  1.814  1.814  1.814  1.814  1.814  1.814  1.814  1.814  1.814  1.814
1.814  1.814  1.814  1.814  1.814  1.814  1.814  1.814  1.814  1.814  1.814  1.814  1.814
1.814  1.814  1.814  1.814  1.814  1.814  1.814  1.814  1.814  1.814  1.814  1.814  1.814
1.814  1.814  1.814  1.814  1.814  1.814  1.814  1.814  1.814  1.814  1.814  1.814  1.814
1.814  1.814  1.814  1.814  1.814  1.814  1.814  1.814  1.814  1.814  1.814  1.814  1.814
1.814  1.814  1.814  1.814  1.814  1.814  1.814  1.814  1.814  1.814  1.814  1.814  1.814
1.814  1.814  1.814  1.814  1.814  1.814  1.814  1.814  1.814  1.814  1.814  1.814  1.814
1.814  1.814  1.814  1.814  1.814  1.814  1.814  1.814  1.814  1.814  1.814  1.814  1.814
1.814  1.814  1.814  1.814  1.814  1.814  1.814  1.814  1.814  1.814  1.814  1.814  1.814
1.814  1.814  1.814  1.814  1.814  1.814  1.814  1.814  1.814  1.814  1.814  1.814  1.814
1.814  1.814  1.814  1.814  1.814  1.814  1.814  1.814  1.814  1.814  1.814  1.814  1.814
1.814  1.814  1.814  1.814  1.814  1.814  1.814  1.814  1.814  1.814  1.814  1.814  1.814
1.814  1.814  1.814  1.814  1.814  1.814  1.814  1.814  1.814  1.814  1.814  1.814  1.814
1.814  1.814  1.814  1.814  1.814  1.814  1.814  1.814  1.814  1.814  1.814  1.814  1.814
1.814  1.814  1.814  1.814  1.814  1.814  1.814  1.814  1.814  1.814  1.814  1.814  1.814
1.814  1.814  1.814  1.814  1.814  1.814  1.814  1.814  1.814  1.814  1.814  1.814  1.814
1.814  1.814  1.814  1.814  1.814  1.814  1.814  1.814  1.814  1.814  1.814  1.814  1.814
1.814  1.814  1.814  1.814  1.814  1.814  1.814  1.814  1.814  1.814  1.814  1.814  1.814
1.814  1.814  1.814  1.814  1.814  1.814  1.814  1.814  1.814  1.814  1.814  1.814  1.814
1.814  1.814  1.814  1.814  1.814  1.814  1.814  1.814  1.814  1.814  1.814  1.814  1.814
1.814  1.814  1.814  1.814  1.814  1.814  1.814  1.814  1.814  1.814  1.814  1.814  1.814
1.814  1.814  1.814  1.814  1.814  1.814  1.814  1.814  1.814  1.814  1.814  1.814  1.814
1.814  1.814  1.814  1.814  1.814  1.814  1.814  1.814  1.814  1.814  1.814  1.814  1.814
1.814  1.814  1.814  1.814  1.814  1.814  1.814  1.814  1.814  1.814  1.814  1.814  1.814
1.814  1.814  1.814  1.814  1.814  1.814  1.814  1.814  1.814  1.814  1.814  1.814  1.814
1.814  1.814  1.814  1.814  1.814  1.814  1.814  1.814  1.814  1.814  1.814  1.814  1.814
1.814  1.814  1.814  1.814  1.814  1.814  1.814  1.814  1.814  1.814  1.814  1.814  1.814
1.814  1.814  1.814  1.814  1.814  1.814  1.814  1.814  1.814  1.814  1.814  1.814  1.814
1.814  1.814  1.814  1.814  1.814  1.814  1.814  1.814  1.814  1.814  1.814  1.814  1.814
1.814  1.814  1.814  1.814  1.814  1.814  1.814  1.814  1.814  1.814  1.814  1.814  1.814
1.814  1.814  1.814  1.814  1.814  1.814  1.814  1.814  1.814  1.814  1.814  1.814  1.814
1.814  1.814  1.814  1.814  1.814  1.814  1.814  1.814  1.814  1.814  1.814  1.814  1.814
1.814  1.814  1.814  1.814  1.814  1.814  1.814  1.814  1.814  1.814  1.814  1.814  1.814
1.814  1.814  1.814  1.814  1.814  1.814  1.814  1.814  1.814  1.814  1.814  1.814  1.814
1.814  1.814  1.814  1.814  1.814  1.814  1.814  1.814  1.814  1.814  1.814  1.814  1.814
1.814  1.814  1.814  1.814  1.814  1.814  1.814  1.814  1.814  1.814  1.814  1.814  1.814
1.814  1.814  1.814  1.814  1.814  1.814  1.814  1.814  1.814  1.814  1.814  1.814  1.814
1.814  1.814  1.814  1.814  1.814  1.814  1.814  1.814  1.814  1.814  1.814  1.814  1.814
1.814  1.814  1.814  1.814  1.814  1.814  1.814  1.814  1.814  1.814  1.814  1.814  1.814
1.814  1.814  1.814  1.814  1.814  1.814  1.814  1.814  1.814  1.814  1.814  1.814  1.814
1.814  1.814  1.814  1.814  1.814  1.814  1.814  1.814  1.814  1.814  1.814  1.814  1.814
1.814  1.814  1.814  1.814  1.814  1.814  1.814  1.814  1.814  1.814  1.814  1.814  1.814
1.814  1.814  1.814  1.814  1.814  1.814  1.814  1.814  1.814  1.814  1.814  1.814  1.814
1.814  1.814  1.814  1.814  1.814  1.814  1.814  1.814  1.814  1.814  1.814  1.814  1.814
1.814  1.814  1.814  1.814  1.814  1.814  1.814  1.814  1.814  1.814  1.814  1.814  1.814
1.814  1.814  1.814  1.814  1.814  1.814  1.814  1.814  1.814  1.814  1.814  1.814  1.814
1.814  1.814  1.814  1.814  1.814  1.814  1.814  1.814  1.814  1.814  1.814  1.814  1.814
1.814  1.814  1.814  1.814  1.814  1.814  1.814  1.814  1.814  1.814  1.814  1.814  1.814
1.814  1.814  1.814  1.814  1.814  1.814  1.814  1.814  1.814  1.814  1.814  1.814  1.814
1.814  1.814  1.814  1.814  1.814  1.814  1.814  1.814  1.814  1.814  1.814  1.814  1.814
1.814  1.814  1.814  1.814  1.814  1.814  1.814  1.814  1.814  1.814  1.814  1.814  1.814
1.814  1.814  1.814  1.814  1.814  1.814  1.814  1.814  1.814  1.814  1.814  1.814  1.814
1.814  1.814  1.814  1.814  1.814  1.814  1.814  1.814  1.814  1.814  1.814  1.814  1.814
1.814  1.814  1.814  1.814  1.814  1.814  1.814  1.814  1.814  1.814  1.814  1.814  1.814
1.814  1.814  1.814  1.814  1.814  1.814  1.814  1.814  1.814  1.814  1.814  1.814  1.814
1.814  1.814  1.814  1.814  1.814  1.814  1.814  1.814  1.814  1.814  1.814  1.814  1.814
1.814  1.814  1.814  1.814  1.814  1.814  1.814  1.814  1.814  1.814  1.814  1.814  1.814
1.814  1.814  1.814  1.814  1.814  1.814  1.814  1.814  1.814  1.814  1.814  1.814  1.814
1.814  1.814  1.814  1.814  1.814  1.814  1.814  1.814  1.814  1.814  1.814  1.814  1.814
1.814  1.814  1.814  1.814  1.814  1.814  1.814  1.814  1.814  1.814  1.814  1.814  1.814
1.814  1.814  1.814  1.814  1.814  1.814  1.814  1.814  1.814  1.814  1.814  1.814  1.814
1.814  1.814  1.814  1.814  1.814  1.814  1.814  1.814  1.814  1.814  1.814  1.814  1.814
1.814  1.814  1.814  1.814  1.814  1.814  1.814  1.814  1.814  1.814  1.814  1.814  1.814
1.814  1.814  1.814  1.814  1.814  1.814  1.814  1.814  1.814  1.814  1.814  1.814  1.814
1.814  1.814  1.814  1.814  1.814  1.814  1.814  1.814  1.814  1.814  1.814  1.814  1.814
1.814  1.814  1.814  1.814  1.814  1.814  1.814  1.814  1.814  1.814  1.814  1.814  1.814
1.814  1.814  1.814  1.814  1.814  1.814  1.814  1.814  1.814  1.814  1.814  1.814  1.814
1.814  1.814  1.814  1.814  1.814  1.814  1.814  1.814  1.814  1.814  1.814  1.814  1.814
1.814  1.814  1.814  1.814  1.814  1.814  1.814  1.814  1.814  1.814  1.814  1.814  1.814
1.814  1.814  1.814  1.814  1.814  1.814  1.814  1.814  1.814  1.814  1.814  1.814  1.814
1.814  1.814  1.814  1.814  1.814  1.814  1.814  1.814  1.814  1.814  1.814  1.814  1.814
1.814  1.814  1.814  1.814  1.814  1.814  1.814  1.814  1.814  1.814  1.814  1.814  1.814
1.814  1.814  1.814  1.814  1.814  1.814  1.814  1.814  1.814  1.814  1.814  1.814  1.814
1.814  1.814  1.814  1.814  1.814  1.814  1.814  1.814  1.814  1.814  1.814  1.814  1.814
1.814  1.814  1.814  1.814  1.814  1.814  1.814  1.814  1.814  1.814  1.814  1.814  1.814
1.814  1.814  1.814  1.814  1.814  1.814  1.814  1.814  1.814  1.814  1.814  1.814  1.814
1.814  1.814  1.814  1.814  1.814  1.814  1.814  1.814  1.814  1.814  1.814  1.814  1.814
1.814  1.814  1.814  1.814  1.814  1.814  1.814  1.814  1.814  1.814  1.814  1.814  1.814
1.814  1.814  1.814  1.814  1.814  1.814  1.814  1.814  1.814  1.814  1.814  1.814  1.814
1.814  1.814  1.814  1.814  1.814  1.814  1.814  1.814  1.814  1.814  1.814  1.814  1.814
1.814  1.814  1.814  1.814  1.814  1.814  1.814  1.814  1.814  1.814  1.814  1.814  1.814
1.814  1.814  1.814  1.814  1.814  1.814  1.814  1.814  1.814  1.814  1.814  1.814  1.814
1.814  1.814  1.814  1.814  1.814  1.814  1.814  1.814  1.814  1.814  1.814  1.814  1.814
1.814  1.814  1.814  1.814  1.814  1.814  1.814  1.814  1.814  1.814  1.814  1.814  1.814
1.814  1.814  1.814  1.814  1.814  1.814  1.814  1.814  1.814  1.814  1.814  1.814  1.814
1.814  1.814  1.814  1.814  1.814  1.814  1.814  1.814  1.814  1.814  1.814  1.814  1.814
1.814  1.814  1.814  1.814  1.814  1.814  1.814  1.814  1.814  1.814  1.814  1.814  1.814
1.814  1.814  1.814  1.814  1.814  1.814  1.814  1.814  1.814  1.814  1.814  1.814  1.814
1.814  1.814  1.814  1.814  1.814  1.814  1.814  1.814  1.814  1.814  1.814  1.814  1.814
1.814  1.814  1.814  1.814  1.814  1.814  1.814  1.814  1.814  1.814  1.814  1.814  1.814
1.814  1.814  1.814  1.814  1.814  1.814  1.814  1.814  1.814  1.814  1.814  1.814  1.814
1.814  1.814  1.814  1.814  1.814  1.814  1.814  1.814  1.814  1.814  1.814  1.814  1.814
1.814  1.814  1.814  1.814  1.814  1.814  1.814  1.814  1.814  1.814  1.814  1.814  1.814
1.814  1.814  1.814  1.814  1.814  1.814  1.814  1.814  1.814  1.814  1.814  1.814  1.814
1.814  1.814  1.814  1.814  1.814  1.814  1.814  1.814  1.814  1.814  1.814  1.814  1.814
1.814  1.814  1.814  1.814  1.814  1.814  1.814  1.814  1.814  1.814  1.814  1.814  1.814
1.814  1.814  1.814  1.814  1.814  1.814  1.814  1.814  1.814  1.814  1.814  1.814  1.814
1.814  1.814  1.814  1.814  1.814  1.814  1.814  1.814  1.814  1.814  1.814  1.814  1.814
1.814  1.814  1.814  1.814  1.814  1.814  1.814  1.814  1.814  1.814  1.814  1.814  1.814
1.814  1.814  1.814  1.814  1.814  1.814  1.814  1.814  1.814  1.814  1.814  1.814  1.814
1.814  1.814  1.814  1.814  1.814  1.814  1.814  1.814  1.814  1.814  1.814  1.814  1.814
1.814  1.814  1.814  1.814  1.814  1.814  1.814  1.814  1.814  1.814  1.814  1.814  1.814
1.814  1.814  1.814  1.814  1.814  1.814  1.814  1.814  1.814  1.814  1.814  1.814  1.814
1.814  1.814  1.814  1.814  1.814  1.814  1.814  1.814  1.814  1.814  1.814  1.814  1.814
1.814  1.814  1.814  1.814  1.814  1.814  1.814  1.814  1.814  1.814  1.814  1.814  1.814
1.814  1.814  1.814  1.814  1.814  1.814  1.814  1.814  1.814  1.814  1.814  1.814  1.814
1.814  1.814  1.814  1.814  1.814  1.814  1.814  1.814  1.814  1.814  1.814  1.814  1.814
1.814  1.814  1.814  1.814  1.814  1.814  1.814  1.814  1.814  1.814  1.814  1.814  1.814
1.814  1.814  1.814  1.814  1.814  1.814  1.814  1.814  1.814  1.814  1.814  1.814  1.814
1.814  1.814  1.814  1.814  1.814  1.814  1.814  1.814  1.814  1.814  1.814  1.814  1.814
1.814  1.814  1.814  1.814  1.814  1.814  1.814  1.814  1.814  1.814  1.814  1.814  1.814
1.814  1.814  1.814  1.814  1.814  1.814  1.814  1.814  1.814  1.814  1.814  1.814  1.814
1.814  1.814  1.814  1.814  1.814  1.814  1.814  1.814  1.814  1.814  1.814  1.814  1.814
1.814  1.814  1.814  1.814  1.814  1.814  1.814  1.814  1.814  1.814  1.814  1.814  1.814
1.814  1.814  1.814  1.814  1.814  1.814  1.814  1.814  1.814  1.814  1.814  1.814  1.814
1.814  1.814  1.814  1.814  1.814  1.814  1.814  1.814  1.814  1.814  1.814  1.814  1.814
1.814  1.814  1.814  1.814  1.814  1.814  1.814  1.814  1.814  1.814  1.814  1.814  1.814
1.814  1.814  1.814  1.814  1.814  1.814  1.814  1.814  1.814  1.814  1.814  1.814  1.814
1.814  1.814  1.814  1.814  1.814  1.814  1.814  1.814  1.814  1.814  1.814  1.814  1.814
1.814  1.814  1.814  1.814  1.814  1.814  1.814  1.814  1.814  1.814  1.814  1.814  1.814
1.814  1.814  1.814  1.814  1.814  1.814  1.814  1.814  1.814  1.814  1.814  1.814  1.814
1.814  1.814  1.814  1.814  1.814  1.814  1.814  1.814  1.814  1.814  1.814  1.814  1.814
1.814  1.814  1.814  1.814  1.814  1.814  1.814  1.814  1.814  1.814  1.814  1.814  1.814
1.814  1.814  1.814  1.814  1.814  1.814  1.814  1.814  1.814  1.814  1.814  1.814  1.814
1.814  1.814  1.814  1.814  1.814  1.814  1.814  1.814  1.814  1.814  1.814  1.814  1.814
1.814  1.814  1.814  1.814  1.814  1.814  1.814  1.814  1.814  1.814  1.814  1.814  1.814
1.814  1.814  1.814  1.814  1.814  1.814  1.814  1.814  1.814  1.814  1.814  1.814  1.814
1.814  1.814  1.814  1.814  1.814  1.814  1.814  1.814  1.814  1.814  1.814  1.814  1.814
1.814  1.814  1.814  1.814  1.814  1.814  1.814  1.814  1.814  1.814  1.814  1.814  1.814
1.814  1.814  1.814  1.814  1.814  1.814  1.814  1.814  1.814  1.814  1.814  1.814  1.814
1.814  1.814  1.814  1.814  1.814  1.814  1.814  1.814  1.814  1.814  1.814  1.814  1.814
1.814  1.814  1.814  1.814  1.814  1.814  1.814  1.814  1.814  1.814  1.814  1.814  1.814
1.814  1.814  1.814  1.814  1.814  1.814  1.814  1.814  1.814  1.814  1.814  1.814  1.814
1.814  1.814  1.814  1.814  1.814  1.814  1.814  1.814  1.814  1.814  1.814  1.814  1.814
1.814  1.814  1.814  1.814  1.814  1.814  1.814  1.814  1.814  1.814  1.814  1.814  1.814
1.814  1.814  1.814  1.814  1.814  1.814  1.814  1.814  1.814  1.814  1.814  1.814  1.814
1.814  1.814  1.814  1.814  1.814  1.814  1.814  1.814  1.814  1.814  1.814  1.814  1.814
1.814  1.814  1.814  1.814  1.814  1.814  1.814  1.814  1.814  1.814  1.814  1.814  1.814
1.814  1.814  1.814  1.814  1.814  1.814  1.814  1.814  1.814  1.814  1.814  1.814  1.814
1.814  1.814  1.814  1.814  1.814  1.814  1.814  1.814  1.814  1.814  1.814  1.814  1.814
1.814  1.814  1.814  1.814  1.814  1.814  1.814  1.814  1.814  1.814  1.814  1.814  1.814
1.814  1.814  1.814  1.814  1.814  1.814  1.814  1.814  1.814  1.814  1.814  1.814  1.814
1.814  1.814  1.814  1.814  1.814  1.814  1.814  1.814  1.814  1.814  1.814  1.814  1.814
1.814  1.814  1.814  1.814  1.814  1.814  1.814  1.814  1.814  1.814  1.814  1.814  1.814
1.814  1.814  1.814  1.814  1.814  1.814  1.814  1.814  1.814  1.814  1.814  1.814  1.814
1.814  1.814  1.814  1.814  1.814  1.814  1.814  1.814  1.814  1.814  1.814  1.814  1.814
1.814  1.814  1.814  1.814  1.814  1.814  1.814  1.814  1.814  1.814  1.814  1.814  1.814
1.814  1.814  1.814  1.814  1.814  1.814  1.814  1.814  1.814  1.814  1.814  1.814  1.814
1.814  1.814  1.814  1.814  1.814  1.814  1.814  1.814  1.814  1.814  1.814  1.814  1.814
1.814  1.814  1.814  1.814  1.814  1.814  1.814  1.814  1.814  1.814  1.814  1.814  1.814
1.814  1.814  1.814  1.814  1.814  1.814  1.814  1.814  1.814  1.814  1.814  1.814  1.814
1.814  1.814  1.814  1.814  1.814  1.814  1.814  1.814  1.814  1.814  1.814  1.814  1.814
1.814  1.814  1.814  1.814  1.814  1.814  1.814  1.814  1.814  1.814  1.814  1.814  1.814
1.814  1.814  1.814  1.814  1.814  1.814  1.814  1.814  1.814  1.814  1.814  1.814  1.814
1.814  1.814  1.814  1.814  1.814  1.814  1.814  1.814  1.814  1.814  1.814  1.814  1.814
1.814  1.814  1.814  1.814  1.814  1.814  1.814  1.814  1.814  1.814  1.814  1.814  1.814
1.814  1.814  1.814  1.814  1.814  1.814  1.814  1.814  1.814  1.814  1.814  1.814  1.814
1.814  1.814  1.814  1.814  1.814  1.814  1.814  1.814  1.814  1.814  1.814  1.814  1.814
1.814  1.814  1.814  1.814  1.814  1.814  1.814  1.814  1.814  1.814  1.814  1.814  1.814
1.814  1.814  1.814  1.814  1.814  1.814  1.814  1.814  1.814  1.814  1.814  1.814  1.814
1.814  1.814  1.814  1.814  1.814  1.814  1.814  1.814  1.814  1.814  1.814  1.814  1.814
1.814  1.814  1.814  1.814  1.814  1.814  1.814  1.814  1.814  1.814  1.814  1.814  1.814
1.814  1.814  1.814  1.814  1.814  1.814  1.814  1.814  1.814  1.814  1.814  1.814  1.814
1.814  1.814  1.814  1.814  1.814  1.814  1.814  1.814  1.814  1.814  1.814  1.814  1.814
1.814  1.814  1.814  1.814  1.814  1.814  1.814  1.814  1.814  1.814  1.814  1.814  1.814
1.814  1.814  1.814  1.814  1.814  1.814  1.814  1.814  1.814  1.814  1.814  1.814  1.814
1.814  1.814  1.814  1.814  1.814  1.814  1.814  1.814  1.814  1.814  1.814  1.814  1.814
1.814  1.814  1.814  1.814  1.814  1.814  1.814  1.814  1.814  1.814  1.814  1.814  1.814
1.814  1.814  1.814  1.814  1.814  1.814  1.814  1.814  1.814  1.814  1.814  1.814  1.814
1.814  1.814  1.814  1.814  1.814  1.814  1.814  1.814  1.814  1.814  1.814  1.814  1.814
1.814  1.814  1.814  1.814  1.814  1.814  1.814  1.814  1.814  1.814  1.814  1.814  1.814
1.814  1.814  1.814  1.814  1.814  1.814  1.814  1.814  1.814  1.814  1.814  1.814  1.814
1.814  1.814  1.814  1.814  1.814  1.814  1.814  1.814  1.814  1.814  1.814  1.814  1.814
1.814  1.814  1.814  1.814  1.814  1.814  1.814  1.814  1.814  1.814  1.814  1.814  1.814
1.814  1.814  1.814  1.814  1.814  1.814  1.814  1.814  1.814  1.814  1.814  1.814  1.814
1.814  1.814  1.814  1.814  1.814  1.814  1.814  1.814  1.814  1.814  1.814  1.814  1.814
1.814  1.814  1.814  1.814  1.814  1.814  1.814  1.814  1.814  1.814  1.814  1.814  1.814
1.814  1.814  1.814  1.814  1.814  1.814  1.814  1.814  1.814  1.814  1.814  1.814  1.814
1.814  1.814  1.814  1.814  1.814  1.814  1.814  1.814  1.814  1.814  1.814  1.814  1.814
1.814  1.814  1.814  1.814  1.814  1.814  1.814  1.814  1.814  1.814  1.814  1.814  1.814
1.814  1.814  1.814  1.814  1.814  1.814  1.814  1.814  1.814  1.814  1.814  1.814  1.814
1.814  1.814  1.814  1.814  1.814  1.814  1.814  1.814  1.814  1.814  1.814  1.814  1.814
1.814  1.814  1.814  1.814  1.814  1.814  1.814  1.814  1.814  1.814  1.814  1.814  1.814
1.814  1.814  1.814  1.814  1.814  1.814  1.814  1.814  1.814  1.814  1.814  1.814  1.814
1.814  1.814  1.814  1.814  1.814  1.814  1.814  1.814  1.814  1.814  1.814  1.814  1.814
1.814  1.814  1.814  1.814  1.814  1.814  1.814  1.814  1.814  1.814  1.814  1.814  1.814
1.814  1.814  1.814  1.814  1.814  1.814  1.814  1.814  1.814  1.814  1.814  1.814  1.814
1.814  1.814  1.814  1.814  1.814  1.814  1.814  1.814  1.814  1.814  1.814  1.814  1.814
1.814  1.814  1.814  1.814  1.814  1.814  1.814  1.814  1.814  1.814  1.814  1.814  1.814
1.814  1.814  1.814  1.814  1.814  1.814  1.814  1.814  1.814  1.814  1.814  1.814  1.814
1.814  1.814  1.814  1.814  1.814  1.814  1.814  1.814  1.814  1.814  1.814  1.814  1.814
1.814  1.814  1.814  1.814  1.814  1.814  1.814  1.814  1.814  1.814  1.814  1.814  1.814
1.814  1.814  1.814  1.814  1.814  1.814  1.814  1.814  1.814  1.814  1.814  1.814  1.814
1.814  1.814  1.814  1.814  1.814  1.814  1.814  1.814  1.814  1.814  1.814  1.814  1.814
1.814  1.814  1.814  1.814  1.814  1.814  1.814  1.814  1.814  1.814  1.814  1.814  1.814
1.814  1.814  1.814  1.814  1.814  1.814  1.814  1.814  1.814  1.814  1.814  1.814  1.814
1.814  1.814  1.814  1.814  1.814  1.814  1.814  1.814  1.814  1.814  1.814  1.814  1.814
1.814  1.814  1.814  1.814  1.814  1.814  1.814  1.814  1.814  1.814  1.814  1.814  1.814
1.814  1.814  1.814  1.814  1.814  1.814  1.814  1.814  1.814  1.814  1.814  1.814  1.814
1.814  1.814  1.814  1.814  1.814  1.814  1.814  1.814  1.814  1.814  1.814  1.814  1.814
1.814  1.814  1.814  1.814  1.814  1.814  1.814  1.814  1.814  1.814  1.814  1.814  1.814
1.814  1.814  1.814  1.814  1.814  1.814  1.814  1.814  1.814  1.814  1.814  1.814  1.814
1.814  1.814  1.814  1.814  1.814  1.814  1.814  1.814  1.814  1.814  1.814  1.814  1.814
1.814  1.814  1.814  1.814  1.814  1.814  1.814  1.814  1.814  1.814  1.814  1.814  1.814
1.814  1.814  1.814  1.814  1.814  1.814  1.814  1.814  1.814  1.814  1.814  1.814  1.814
1.814  1.814  1.814  1.814  1.814  1.814  1.814  1.814  1.814  1.814  1.814  1.814  1.814
1.814  1.814  1.814  1.814  1.814  1.814  1.814  1.814  1.814  1.814  1.814  1.814  1.814
1.814  1.814  1.814  1.814  1.814  1.814  1.814  1.814  1.814  1.814  1.814  1.814  1.814
1.814  1.814  1.814  1.814  1.814  1.814  1.814  1.814  1.814  1.814  1.814  1.814  1.814
1.814  1.814  1.814  1.814  1.814  1.814  1.814  1.814  1.814  1.814  1.814  1.814  1.814
1.814  1.814  1.814  1.814  1.814  1.814  1.814  1.814  1.814  1.814  1.814  1.814  1.814
1.814  1.814  1.814  1.814  1.814  1.814  1.814  1.814  1.814  1.814  1.814  1.814  1.814
1.814  1.814  1.814  1.814  1.814  1.814  1.814  1.814  1.814  1.814  1.814  1.814  1.814
1.814  1.814  1.814  1.814  1.814  1.814  1.814  1.814  1.814  1.814  1.814  1.814  1.814
1.814  1.814  1.814  1.814  1.814  1.814  1.814  1.814  1.814  1.814  1.814  1.814  1.814
1.814  1.814  1.814  1.814  1.814  1.814  1.814  1.814  1.814  1.814  1.814  1.814  1.814
1.814  1.814  1.814  1.814  1.814  1.814  1.814  1.814  1.814  1.814  1.814  1.814  1.814
1.814  1.814  1.814  1.814  1.814  1.814  1.814  1.814  1.814  1.814  1.814  1.814  1.814
1.814  1.814  1.814  1.814  1.814  1.814  1.814  1.814  1.814  1.814  1.814  1.814  1.814
1.814  1.814  1.814  1.814  1.814  1.814  1.814  1.814  1.814  1.814  1.814  1.814  1.814
1.814  1.814  1.814  1.814  1.814  1.814  1.814  1.814  1.814  1.814  1.814  1.814  1.814
1.814  1.814  1.814  1.814  1.814  1.814  1.814  1.814  1.814  1.814  1.814  1.814  1.814
1.814  1.814  1.814  1.814  1.814  1.814  1.814  1.814  1.814  1.814  1.814  1.814  1.814
1.814  1.814  1.814  1.814  1.814  1.814  1.814  1.814  1.814  1.814  1.814  1.814  1.814
1.814  1.814  1.814  1.814  1.814  1.814  1.814  1.814  1.814  1.814  1.814  1.814  1.814
1.814  1.814  1.814  1.814  1.814  1.814  1.814  1.814  1.814  1.814  1.814  1.814  1.814
1.814  1.814  1.814  1.814  1.814  1.814  1.814  1.814  1.814  1.814  1.814  1.814  1.814
1.814  1.814  1.814  1.814  1.814  1.814  1.814  1.814  1.814  1.814  1.814  1.814  1.814
1.814  1.814  1.814  1.814  1.814  1.814  1.814  1.814  1.814  1.814  1.814  1.814  1.814
1.814  1.814  1.814  1.814  1.814  1.814  1.814  1.814  1.814  1.814  1.814  1.814  1.814
1.814  1.814  1.814  1.814  1.814  1.814  1.814  1.814  1.814  1.814  1.814  1.814  1.814
1.814  1.814  1.814  1.814  1.814  1.814  1.814  1.814  1.814  1.814  1.814  1.814  1.814
1.814  1.814  1.814  1.814  1.814  1.814  1.814  1.814  1.814  1.814  1.814  1.814  1.814
1.814  1.814  1.814  1.814  1.814  1.814  1.814  1.814  1.814  1.814  1.814  1.814  1.814
1.814  1.814  1.814  1.814  1.814  1.814  1.814  1.814  1.814  1.814  1.814  1.814  1.814
1.814  1.814  1.814  1.814  1.814  1.814  1.814  1.814  1.814  1.814  1.814  1.814  1.814
1.814  1.814  1.814  1.814  1.814  1.814  1.814  1.814  1.814  1.814  1.814  1.814  1.814
1.814  1.814  1.814  1.814  1.814  1.814  1.814  1.814  1.814  1.814  1.814  1.814  1.814
1.814  1.814  1.814  1.814  1.814  1.814  1.814  1.814  1.814  1.814  1.814  1.814  1.814
1.814  1.814  1.814  1.814  1.814  1.814  1.814  1.814  1.814  1.814  1.814  1.814  1.814
1.814  1.814  1.814  1.814  1.814  1.814  1.814  1.814  1.814  1.814  1.814  1.814  1.814
1.814  1.814  1.814  1.814  1.814  1.814  1.814  1.814  1.814  1.814  1.814  1.814  1.814
1.814  1.814  1.814  1.814  1.814  1.814  1.814  1.814  1.814  1.814  1.814  1.814  1.814
1.814  1.814  1.814  1.814  1.814  1.814  1.814  1.814  1.814  1.814  1.814  1.814  1.814
1.814  1.814  1.814  1.814  1.814  1.814  1.814  1.814  1.814  1.814  1.814  1.814  1.814
1.814  1.814  1.814  1.814  1.814  1.814  1.814  1.814  1.814  1.814  1.814  1.814  1.814
1.814  1.814  1.814  1.814  1.814  1.814  1.814  1.814  1.814  1.814  1.814  1.814  1.814
1.814  1.814  1.814  1.814  1.814  1.814  1.814  1.814  1.814  1.814  1.814  1.814  1.814
1.814  1.814  1.814  1.814  1.814  1.814  1.814  1.814  1.814  1.814  1.814  1.814  1.814
1.814  1.814  1.814  1.814  1.814  1.814  1.814  1.814  1.814  1.814  1.814  1.814  1.814
1.814  1.814  1.814  1.814  1.814  1.814  1.814  1.814  1.814  1.814  1.814  1.814  1.814
1.814  1.814  1.814  1.814  1.814  1.814  1.814  1.814  1.814  1.814  1.814  1.814  1.814
1.814  1.814  1.814  1.814  1.814  1.814  1.814  1.814  1.814  1.814  1.814  1.814  1.814
1.814  1.814  1.814  1.814  1.814  1.814  1.814  1.814  1.814  1.814  1.814  1.814  1.814
1.814  1.814  1.814  1.814  1.814  1.814  1.814  1.814  1.814  1.814  1.814  1.814  1.814
1.814  1.814  1.814  1.814  1.814  1.814  1.814  1.814  1.814  1.814  1.814  1.814  1.814
1.814  1.814  1.814  1.814  1.814  1.814  1.814  1.814  1.814  1.814  1.814  1.814  1.814
1.814  1.814  1.814  1.814  1.814  1.814  1.814  1.814  1.814  1.814  1.814  1.814  1.814
1.814  1.814  1.814  1.814  1.814  1.814  1.814  1.814  1.814  1.814  1.814  1.814  1.814
1.814  1.814  1.814  1.814  1.814  1.814  1.814  1.814  1.814  1.814  1.814  1.814  1.814
1.814  1.814  1.814  1.814  1.814  1.814  1.814  1.814  1.814  1.814  1.814  1.814  1.814
1.814  1.814  1.814  1.814  1.814  1.814  1.814  1.814  1.814  1.814  1.814  1.814  1.814
1.814  1.814  1.814  1.814  1.814  1.814  1.814  1.814  1.814  1.814  1.814  1.814  1.814
1.814  1.814  1.814  1.814  1.814  1.814  1.814  1.814  1.814  1.814  1.814  1.814  1.814
1.814  1.814  1.814  1.814  1.814  1.814  1.814  1.814  1.814  1.814  1.814  1.814  1.814
1.814  1.814  1.814  1.814  1.814  1.814  1.814  1.814  1.814  1.814  1.814  1.814  1.814
1.814  1.814  1.814  1.814  1.814  1.814  1.814  1.814  1.814  1.814  1.814  1.814  1.814
1.814  1.814  1.814  1.814  1.814  1.814  1.814  1.814  1.814  1.814  1.814  1.814  1.814
1.814  1.814  1.814  1.814  1.814  1.814  1.814  1.814  1.814  1.814  1.814  1.814  1.814
1.814  1.814  1.814  1.814  1.814  1.814  1.814  1.814  1.814  1.814  1.814  1.814  1.814
1.814  1.814  1.814  1.814  1.814  1.814  1.814  1.814  1.814  1.814  1.814  1.814  1.814
1.814  1.814  1.814  1.814  1.814  1.814  1.814  1.814  1.814  1.814  1.814  1.814  1.814
1.814  1.814  1.814  1.814  1.814  1.814  1.814  1.814  1.814  1.814  1.814  1.814  1.814
1.814  1.814  1.814  1.814  1.814  1.814  1.814  1.814  1.814  1.814  1.814  1.814  1.814
1.814  1.814  1.814  1.814  1.814  1.814  1.814  1.814  1.814  1.814  1.814  1.814  1.814
1.814  1.814  1.814  1.814  1.814  1.814  1.814  1.814  1.814  1.814  1.814  1.814  1.814
1.814  1.814  1.814  1.814  1.814  1.814  1.814  1.814  1.814  1.814  1.814  1.814  1.814
1.814  1.814  1.814  1.814  1.814  1.814  1.814  1.814  1.814  1.814  1.814  1.814  1.814
1.814  1.814  1.814  1.814  1.814  1.814  1.814  1.814  1.814  1.814  1.814  1.814  1.814
1.814  1.814  1.814  1.814  1.814  1.814  1.814  1.814  1.814  1.814  1.814  1.814  1.814
1.814  1.814  1.814  1.814  1.814  1.814  1.814  1.814  1.814  1.814  1.814  1.814  1.814
1.814  1.814  1.814  1.814  1.814  1.814  1.814  1.814  1.814  1.814  1.814  1.814  1.814
1.814  1.814  1.814  1.814  1.814  1.814  1.814  1.814  1.814  1.814  1.814  1.814  1.814
1.814  1.814  1.814  1.814  1.814  1.814  1.814  1.814  1.814  1.814  1.814  1.814  1.814
1.814  1.814  1.814  1.814  1.814  1.814  1.814  1.814  1.814  1.814  1.814  1.814  1.814
1.814  1.814  1.814  1.814  1.814  1.814  1.814  1.814  1.814  1.814  1.814  1.814  1.814
